>> Solucao encontrada:

Estado: 0
2 0 0 0 1 0 0 0 0 0
1 0 0 0 1 0 0 0 0 0
1 0 0 0 1 0 0 0 0 0
1 1 1 1 1 1 1 1 1 1
0 0 0 1 0 1 0 1 0 0
0 0 0 1 0 1 0 1 0 0
0 0 1 1 1 1 0 1 0 0
0 0 1 0 0 0 0 1 0 0
0 0 1 0 0 0 0 1 0 0
0 0 1 3 1 1 1 1 0 0

Estado: 1
1 0 0 0 1 0 0 0 0 0
2 0 0 0 1 0 0 0 0 0
1 0 0 0 1 0 0 0 0 0
1 1 1 1 1 1 1 1 1 1
0 0 0 1 0 1 0 1 0 0
0 0 0 1 0 1 0 1 0 0
0 0 1 1 1 1 0 1 0 0
0 0 1 0 0 0 0 1 0 0
0 0 1 0 0 0 0 1 0 0
0 0 1 3 1 1 1 1 0 0

Estado: 2
1 0 0 0 1 0 0 0 0 0
1 0 0 0 1 0 0 0 0 0
2 0 0 0 1 0 0 0 0 0
1 1 1 1 1 1 1 1 1 1
0 0 0 1 0 1 0 1 0 0
0 0 0 1 0 1 0 1 0 0
0 0 1 1 1 1 0 1 0 0
0 0 1 0 0 0 0 1 0 0
0 0 1 0 0 0 0 1 0 0
0 0 1 3 1 1 1 1 0 0

Estado: 3
1 0 0 0 1 0 0 0 0 0
1 0 0 0 1 0 0 0 0 0
1 0 0 0 1 0 0 0 0 0
2 1 1 1 1 1 1 1 1 1
0 0 0 1 0 1 0 1 0 0
0 0 0 1 0 1 0 1 0 0
0 0 1 1 1 1 0 1 0 0
0 0 1 0 0 0 0 1 0 0
0 0 1 0 0 0 0 1 0 0
0 0 1 3 1 1 1 1 0 0

Estado: 4
1 0 0 0 1 0 0 0 0 0
1 0 0 0 1 0 0 0 0 0
1 0 0 0 1 0 0 0 0 0
1 2 1 1 1 1 1 1 1 1
0 0 0 1 0 1 0 1 0 0
0 0 0 1 0 1 0 1 0 0
0 0 1 1 1 1 0 1 0 0
0 0 1 0 0 0 0 1 0 0
0 0 1 0 0 0 0 1 0 0
0 0 1 3 1 1 1 1 0 0

Estado: 5
1 0 0 0 1 0 0 0 0 0
1 0 0 0 1 0 0 0 0 0
1 0 0 0 1 0 0 0 0 0
1 1 2 1 1 1 1 1 1 1
0 0 0 1 0 1 0 1 0 0
0 0 0 1 0 1 0 1 0 0
0 0 1 1 1 1 0 1 0 0
0 0 1 0 0 0 0 1 0 0
0 0 1 0 0 0 0 1 0 0
0 0 1 3 1 1 1 1 0 0

Estado: 6
1 0 0 0 1 0 0 0 0 0
1 0 0 0 1 0 0 0 0 0
1 0 0 0 1 0 0 0 0 0
1 1 1 2 1 1 1 1 1 1
0 0 0 1 0 1 0 1 0 0
0 0 0 1 0 1 0 1 0 0
0 0 1 1 1 1 0 1 0 0
0 0 1 0 0 0 0 1 0 0
0 0 1 0 0 0 0 1 0 0
0 0 1 3 1 1 1 1 0 0

Estado: 7
1 0 0 0 1 0 0 0 0 0
1 0 0 0 1 0 0 0 0 0
1 0 0 0 1 0 0 0 0 0
1 1 1 1 1 1 1 1 1 1
0 0 0 2 0 1 0 1 0 0
0 0 0 1 0 1 0 1 0 0
0 0 1 1 1 1 0 1 0 0
0 0 1 0 0 0 0 1 0 0
0 0 1 0 0 0 0 1 0 0
0 0 1 3 1 1 1 1 0 0

Estado: 9
1 0 0 0 1 0 0 0 0 0
1 0 0 0 1 0 0 0 0 0
1 0 0 0 1 0 0 0 0 0
1 1 1 1 1 1 1 1 1 1
0 0 0 1 0 1 0 1 0 0
0 0 0 2 0 1 0 1 0 0
0 0 1 1 1 1 0 1 0 0
0 0 1 0 0 0 0 1 0 0
0 0 1 0 0 0 0 1 0 0
0 0 1 3 1 1 1 1 0 0

Estado: 10
1 0 0 0 1 0 0 0 0 0
1 0 0 0 1 0 0 0 0 0
1 0 0 0 1 0 0 0 0 0
1 1 1 1 1 1 1 1 1 1
0 0 0 1 0 1 0 1 0 0
0 0 0 1 0 1 0 1 0 0
0 0 1 2 1 1 0 1 0 0
0 0 1 0 0 0 0 1 0 0
0 0 1 0 0 0 0 1 0 0
0 0 1 3 1 1 1 1 0 0

Estado: 13
1 0 0 0 1 0 0 0 0 0
1 0 0 0 1 0 0 0 0 0
1 0 0 0 1 0 0 0 0 0
1 1 1 1 1 1 1 1 1 1
0 0 0 1 0 1 0 1 0 0
0 0 0 1 0 1 0 1 0 0
0 0 1 1 1 1 0 1 0 0
0 0 1 0 0 0 0 1 0 0
0 0 1 0 0 0 0 1 0 0
0 0 1 3 1 1 1 2 0 0

Estado: 15
1 0 0 0 1 0 0 0 0 0
1 0 0 0 1 0 0 0 0 0
1 0 0 0 1 0 0 0 0 0
1 1 1 1 1 1 1 1 1 1
0 0 0 1 0 1 0 1 0 0
0 0 0 1 0 1 0 1 0 0
0 0 1 1 1 1 0 1 0 0
0 0 1 0 0 0 0 1 0 0
0 0 1 0 0 0 0 1 0 0
0 0 1 3 1 1 2 1 0 0

Estado: 16
1 0 0 0 1 0 0 0 0 0
1 0 0 0 1 0 0 0 0 0
1 0 0 0 1 0 0 0 0 0
1 1 1 1 1 1 1 1 1 1
0 0 0 1 0 1 0 1 0 0
0 0 0 1 0 1 0 1 0 0
0 0 1 1 1 1 0 1 0 0
0 0 1 0 0 0 0 1 0 0
0 0 1 0 0 0 0 1 0 0
0 0 1 3 1 2 1 1 0 0

Estado: 17
1 0 0 0 1 0 0 0 0 0
1 0 0 0 1 0 0 0 0 0
1 0 0 0 1 0 0 0 0 0
1 1 1 1 1 1 1 1 1 1
0 0 0 1 0 1 0 1 0 0
0 0 0 1 0 1 0 1 0 0
0 0 1 1 1 1 0 1 0 0
0 0 1 0 0 0 0 1 0 0
0 0 1 0 0 0 0 1 0 0
0 0 1 3 2 1 1 1 0 0

Estado: 18
1 0 0 0 1 0 0 0 0 0
1 0 0 0 1 0 0 0 0 0
1 0 0 0 1 0 0 0 0 0
1 1 1 1 1 1 1 1 1 1
0 0 0 1 0 1 0 1 0 0
0 0 0 1 0 1 0 1 0 0
0 0 1 1 1 1 0 1 0 0
0 0 1 0 0 0 0 1 0 0
0 0 1 0 0 0 0 1 0 0
0 0 1 2 3 1 1 1 0 0

>> Numero de nos visitados: 20
>> Custo da solucao: 15
