>> Solucao encontrada:

Estado: 0
2 1 1 1 1 0 0 0 0 0
0 1 0 0 1 0 0 0 1 0
1 1 0 1 1 1 1 0 1 1
1 0 0 0 1 0 0 0 1 1
1 0 1 1 1 1 0 0 0 3
1 0 0 0 0 1 1 1 1 1
1 1 1 1 1 1 0 0 1 0
0 1 0 0 0 0 0 1 1 1
1 1 1 1 1 1 1 1 1 0
0 0 0 0 0 0 0 1 1 1

Estado: 1
1 2 1 1 1 0 0 0 0 0
0 1 0 0 1 0 0 0 1 0
1 1 0 1 1 1 1 0 1 1
1 0 0 0 1 0 0 0 1 1
1 0 1 1 1 1 0 0 0 3
1 0 0 0 0 1 1 1 1 1
1 1 1 1 1 1 0 0 1 0
0 1 0 0 0 0 0 1 1 1
1 1 1 1 1 1 1 1 1 0
0 0 0 0 0 0 0 1 1 1

Estado: 3
1 1 2 1 1 0 0 0 0 0
0 1 0 0 1 0 0 0 1 0
1 1 0 1 1 1 1 0 1 1
1 0 0 0 1 0 0 0 1 1
1 0 1 1 1 1 0 0 0 3
1 0 0 0 0 1 1 1 1 1
1 1 1 1 1 1 0 0 1 0
0 1 0 0 0 0 0 1 1 1
1 1 1 1 1 1 1 1 1 0
0 0 0 0 0 0 0 1 1 1

Estado: 4
1 1 1 2 1 0 0 0 0 0
0 1 0 0 1 0 0 0 1 0
1 1 0 1 1 1 1 0 1 1
1 0 0 0 1 0 0 0 1 1
1 0 1 1 1 1 0 0 0 3
1 0 0 0 0 1 1 1 1 1
1 1 1 1 1 1 0 0 1 0
0 1 0 0 0 0 0 1 1 1
1 1 1 1 1 1 1 1 1 0
0 0 0 0 0 0 0 1 1 1

Estado: 5
1 1 1 1 2 0 0 0 0 0
0 1 0 0 1 0 0 0 1 0
1 1 0 1 1 1 1 0 1 1
1 0 0 0 1 0 0 0 1 1
1 0 1 1 1 1 0 0 0 3
1 0 0 0 0 1 1 1 1 1
1 1 1 1 1 1 0 0 1 0
0 1 0 0 0 0 0 1 1 1
1 1 1 1 1 1 1 1 1 0
0 0 0 0 0 0 0 1 1 1

Estado: 6
1 1 1 1 1 0 0 0 0 0
0 1 0 0 2 0 0 0 1 0
1 1 0 1 1 1 1 0 1 1
1 0 0 0 1 0 0 0 1 1
1 0 1 1 1 1 0 0 0 3
1 0 0 0 0 1 1 1 1 1
1 1 1 1 1 1 0 0 1 0
0 1 0 0 0 0 0 1 1 1
1 1 1 1 1 1 1 1 1 0
0 0 0 0 0 0 0 1 1 1

Estado: 7
1 1 1 1 1 0 0 0 0 0
0 1 0 0 1 0 0 0 1 0
1 1 0 1 2 1 1 0 1 1
1 0 0 0 1 0 0 0 1 1
1 0 1 1 1 1 0 0 0 3
1 0 0 0 0 1 1 1 1 1
1 1 1 1 1 1 0 0 1 0
0 1 0 0 0 0 0 1 1 1
1 1 1 1 1 1 1 1 1 0
0 0 0 0 0 0 0 1 1 1

Estado: 10
1 1 1 1 1 0 0 0 0 0
0 1 0 0 1 0 0 0 1 0
1 1 0 1 1 2 1 0 1 1
1 0 0 0 1 0 0 0 1 1
1 0 1 1 1 1 0 0 0 3
1 0 0 0 0 1 1 1 1 1
1 1 1 1 1 1 0 0 1 0
0 1 0 0 0 0 0 1 1 1
1 1 1 1 1 1 1 1 1 0
0 0 0 0 0 0 0 1 1 1

Estado: 11
1 1 1 1 1 0 0 0 0 0
0 1 0 0 1 0 0 0 1 0
1 1 0 1 1 1 2 0 1 1
1 0 0 0 1 0 0 0 1 1
1 0 1 1 1 1 0 0 0 3
1 0 0 0 0 1 1 1 1 1
1 1 1 1 1 1 0 0 1 0
0 1 0 0 0 0 0 1 1 1
1 1 1 1 1 1 1 1 1 0
0 0 0 0 0 0 0 1 1 1

Estado: 12
1 1 1 1 1 0 0 0 0 0
0 1 0 0 1 0 0 0 1 0
1 1 0 1 1 1 1 0 1 1
1 0 0 0 1 0 0 0 1 1
1 0 1 1 1 1 0 0 0 3
1 0 0 0 0 1 1 1 1 1
1 1 1 1 1 1 0 0 1 0
0 1 0 0 0 0 0 1 1 1
1 1 2 1 1 1 1 1 1 0
0 0 0 0 0 0 0 1 1 1

Estado: 14
1 1 1 1 1 0 0 0 0 0
0 1 0 0 1 0 0 0 1 0
1 1 0 1 1 1 1 0 1 1
1 0 0 0 1 0 0 0 1 1
1 0 1 1 1 1 0 0 0 3
1 0 0 0 0 1 1 1 1 1
1 1 1 1 1 1 0 0 1 0
0 1 0 0 0 0 0 1 1 1
1 1 1 2 1 1 1 1 1 0
0 0 0 0 0 0 0 1 1 1

Estado: 15
1 1 1 1 1 0 0 0 0 0
0 1 0 0 1 0 0 0 1 0
1 1 0 1 1 1 1 0 1 1
1 0 0 0 1 0 0 0 1 1
1 0 1 1 1 1 0 0 0 3
1 0 0 0 0 1 1 1 1 1
1 1 1 1 1 1 0 0 1 0
0 1 0 0 0 0 0 1 1 1
1 1 1 1 2 1 1 1 1 0
0 0 0 0 0 0 0 1 1 1

Estado: 16
1 1 1 1 1 0 0 0 0 0
0 1 0 0 1 0 0 0 1 0
1 1 0 1 1 1 1 0 1 1
1 0 0 0 1 0 0 0 1 1
1 0 1 1 1 1 0 0 0 3
1 0 0 0 0 1 1 1 1 1
1 1 1 1 1 1 0 0 1 0
0 1 0 0 0 0 0 1 1 1
1 1 1 1 1 2 1 1 1 0
0 0 0 0 0 0 0 1 1 1

Estado: 17
1 1 1 1 1 0 0 0 0 0
0 1 0 0 1 0 0 0 1 0
1 1 0 1 1 1 1 0 1 1
1 0 0 0 1 0 0 0 1 1
1 0 1 1 1 1 0 0 0 3
1 0 0 0 0 1 1 1 1 1
1 1 1 1 1 1 0 0 1 0
0 1 0 0 0 0 0 1 1 1
1 1 1 1 1 1 2 1 1 0
0 0 0 0 0 0 0 1 1 1

Estado: 18
1 1 1 1 1 0 0 0 0 0
0 1 0 0 1 0 0 0 1 0
1 1 0 1 1 1 1 0 1 1
1 0 0 0 1 0 0 0 1 1
1 0 1 1 1 1 0 0 0 3
1 0 0 0 0 1 1 1 1 1
1 1 1 1 1 1 0 0 1 0
0 1 0 0 0 0 0 1 1 1
1 1 1 1 1 1 1 2 1 0
0 0 0 0 0 0 0 1 1 1

Estado: 21
1 1 1 1 1 0 0 0 0 0
0 1 0 0 1 0 0 0 1 0
1 1 0 1 1 1 1 0 1 1
1 0 0 0 1 0 0 0 1 1
1 0 1 1 1 1 0 0 0 3
1 0 0 0 0 1 1 1 1 1
1 1 1 1 1 1 0 0 1 0
0 1 0 0 0 0 0 1 1 1
1 1 1 1 1 1 1 1 2 0
0 0 0 0 0 0 0 1 1 1

Estado: 22
1 1 1 1 1 0 0 0 0 0
0 1 0 0 1 0 0 0 1 0
1 1 0 1 1 1 1 0 1 1
1 0 0 0 1 0 0 0 1 1
1 0 1 1 1 1 0 0 0 3
1 0 0 0 0 1 1 1 1 1
1 1 1 1 1 1 0 0 1 0
0 1 0 0 0 0 0 1 2 1
1 1 1 1 1 1 1 1 1 0
0 0 0 0 0 0 0 1 1 1

Estado: 25
1 1 1 1 1 0 0 0 0 0
0 1 0 0 1 0 0 0 1 0
1 1 0 1 1 1 1 0 1 1
1 0 0 0 1 0 0 0 1 1
1 0 1 1 1 1 0 0 0 3
1 0 0 0 0 1 1 1 1 1
1 1 1 1 1 1 0 0 1 0
0 1 0 0 0 0 0 1 1 2
1 1 1 1 1 1 1 1 1 0
0 0 0 0 0 0 0 1 1 1

Estado: 26
1 1 1 1 1 0 0 0 0 0
0 1 0 0 1 0 0 0 1 0
1 1 0 1 2 1 1 0 1 1
1 0 0 0 1 0 0 0 1 1
2 0 1 1 1 1 0 0 0 3
1 0 0 0 0 1 1 1 1 1
1 1 1 1 1 1 0 0 1 0
0 1 0 0 0 0 0 1 1 1
1 1 1 1 1 1 1 1 1 0
0 0 0 0 0 0 0 1 1 1

Estado: 29
1 1 1 2 1 0 0 0 0 0
0 1 0 0 1 0 0 0 1 0
1 1 0 1 2 1 1 0 1 1
1 0 0 0 1 0 0 0 1 1
1 0 1 1 1 1 0 0 0 3
1 0 0 0 0 1 1 1 1 1
1 1 1 1 1 1 0 0 1 0
0 1 0 0 0 0 0 1 1 1
1 1 1 1 1 1 1 1 1 0
0 0 0 0 0 0 0 1 1 1

Estado: 31
1 1 1 1 2 0 0 0 0 0
0 1 0 0 1 0 0 0 1 0
1 1 0 1 2 1 1 0 1 1
1 0 0 0 1 0 0 0 1 1
1 0 1 1 1 1 0 0 0 3
1 0 0 0 0 1 1 1 1 1
1 1 1 1 1 1 0 0 1 0
0 1 0 0 0 0 0 1 1 1
1 1 1 1 1 1 1 1 1 0
0 0 0 0 0 0 0 1 1 1

Estado: 32
1 1 1 1 1 0 0 0 0 0
0 1 0 0 2 0 0 0 1 0
1 1 0 1 2 1 1 0 1 1
1 0 0 0 1 0 0 0 1 1
1 0 1 1 1 1 0 0 0 3
1 0 0 0 0 1 1 1 1 1
1 1 1 1 1 1 0 0 1 0
0 1 0 0 0 0 0 1 1 1
1 1 1 1 1 1 1 1 1 0
0 0 0 0 0 0 0 1 1 1

Estado: 33
1 1 1 1 1 0 0 0 0 0
0 1 0 0 1 0 0 0 1 0
1 1 0 1 2 1 1 0 1 1
1 0 0 0 1 0 0 0 1 1
1 0 1 1 1 1 0 0 0 3
1 0 0 0 0 1 1 1 1 1
1 1 1 1 1 1 0 0 1 0
0 1 0 0 0 0 0 1 1 1
1 1 1 1 1 1 1 1 1 0
0 0 0 0 0 0 0 1 2 1

Estado: 36
1 1 1 1 1 0 0 0 0 0
0 1 0 0 1 0 0 0 1 0
1 1 0 1 2 1 1 0 1 1
1 0 0 0 1 0 0 0 1 1
1 0 1 1 1 1 0 0 0 3
1 0 0 0 0 1 1 1 1 1
1 1 1 1 1 1 0 0 1 0
0 1 0 0 0 0 0 1 1 1
1 1 1 1 1 1 1 1 1 0
0 0 0 0 0 0 0 1 1 2

Estado: 37
1 1 1 1 1 0 0 0 0 0
0 1 0 0 1 0 0 0 1 0
1 1 0 1 2 1 2 0 1 1
1 0 0 0 1 0 0 0 1 1
1 0 1 1 1 1 0 0 0 3
1 0 0 0 0 1 1 1 1 1
1 1 1 1 1 1 0 0 1 0
0 1 0 0 0 0 0 1 1 1
1 1 1 1 1 1 1 1 1 0
0 0 0 0 0 0 0 1 1 1

Estado: 39
1 1 1 1 1 0 0 0 0 0
0 1 0 0 1 0 0 0 1 0
1 1 0 1 2 1 1 0 1 1
2 0 0 0 1 0 0 0 1 1
1 0 1 1 1 1 0 0 0 3
1 0 0 0 0 1 1 1 1 1
1 1 1 1 1 1 0 0 1 0
0 1 0 0 0 0 0 2 1 1
1 1 1 1 1 1 1 1 1 0
0 0 0 0 0 0 0 1 1 1

Estado: 41
1 1 1 1 1 0 0 0 0 0
0 1 0 0 1 0 0 0 1 0
1 1 0 1 2 1 1 0 1 1
2 0 0 0 1 0 0 0 1 1
1 0 1 1 1 1 0 0 0 3
1 0 0 0 0 1 1 1 1 1
1 1 1 1 1 1 0 0 1 0
0 1 0 0 0 0 0 1 2 1
1 1 1 1 1 1 1 1 1 0
0 0 0 0 0 0 0 1 1 1

Estado: 44
1 1 1 1 1 0 0 0 0 0
0 1 0 0 1 0 0 0 1 0
1 1 0 1 2 1 1 0 1 1
2 0 0 0 1 0 0 0 1 1
1 0 1 1 1 1 0 0 0 3
1 0 0 0 0 1 1 1 1 1
1 1 1 1 1 1 0 0 1 0
0 1 0 0 0 0 0 1 1 2
1 1 1 1 1 1 1 1 1 0
0 0 0 0 0 0 0 1 1 1

Estado: 45
1 1 1 1 1 0 0 0 0 0
0 1 0 0 1 0 0 0 1 0
1 1 0 1 2 1 1 0 1 1
2 0 0 0 1 0 0 0 1 1
1 0 1 1 1 1 0 0 0 3
1 0 0 0 0 1 1 1 1 1
1 1 1 1 2 1 0 0 1 0
0 1 0 0 0 0 0 1 1 1
1 1 1 1 1 1 1 1 1 0
0 0 0 0 0 0 0 1 1 1

Estado: 47
1 1 1 1 1 0 0 0 0 0
0 1 0 0 1 0 0 0 1 0
1 1 0 1 2 1 1 0 1 1
2 0 0 0 1 0 0 0 1 1
1 0 1 1 1 1 0 0 0 3
1 0 0 0 0 1 1 1 1 1
1 1 1 1 1 2 0 0 1 0
0 1 0 0 0 0 0 1 1 1
1 1 1 1 1 1 1 1 1 0
0 0 0 0 0 0 0 1 1 1

Estado: 48
1 1 1 1 1 0 0 0 0 0
0 1 0 0 1 0 0 0 1 0
1 1 0 1 2 1 1 0 1 1
2 0 0 0 1 0 0 0 1 1
1 0 1 1 1 1 0 0 0 3
1 0 0 0 0 2 1 1 1 1
1 1 1 1 1 1 0 0 1 0
0 1 0 0 0 0 0 1 1 1
1 1 1 1 1 1 1 1 1 0
0 0 0 0 0 0 0 1 1 1

Estado: 50
1 1 1 1 1 0 0 0 0 0
0 1 0 0 1 0 0 0 1 0
1 1 0 1 2 1 1 0 1 1
2 0 0 0 1 0 0 0 1 1
1 0 1 1 1 1 0 0 0 3
1 0 0 0 0 1 2 1 1 1
1 1 1 1 1 1 0 0 1 0
0 1 0 0 0 0 0 1 1 1
1 1 1 1 1 1 1 1 1 0
0 0 0 0 0 0 0 1 1 1

Estado: 51
1 1 1 1 1 0 0 0 0 0
0 1 0 0 1 0 0 0 1 0
1 1 0 1 2 1 1 0 1 1
2 0 0 0 1 0 0 0 1 1
1 0 1 1 1 1 0 0 0 3
1 0 0 0 0 1 1 2 1 1
1 1 1 1 1 1 0 0 1 0
0 1 0 0 0 0 0 1 1 1
1 1 1 1 1 1 1 1 1 0
0 0 0 0 0 0 0 1 1 1

Estado: 52
1 1 1 1 1 0 0 0 0 0
0 1 0 0 1 0 0 0 1 0
1 1 0 1 2 1 1 0 1 1
2 0 0 0 1 0 0 0 1 1
1 0 1 1 1 1 0 0 0 3
1 0 0 0 0 1 1 1 2 1
1 1 1 1 1 1 0 0 1 0
0 1 0 0 0 0 0 1 1 1
1 1 1 1 1 1 1 1 1 0
0 0 0 0 0 0 0 1 1 1

Estado: 53
1 1 1 1 1 0 0 0 0 0
0 1 0 0 1 0 0 0 1 0
1 1 0 1 2 1 1 0 1 1
2 0 0 0 1 0 0 0 1 1
1 0 1 1 1 1 0 0 0 3
1 0 0 0 0 1 1 1 1 2
1 1 1 1 1 1 0 0 1 0
0 1 0 0 0 0 0 1 1 1
1 1 1 1 1 1 1 1 1 0
0 0 0 0 0 0 0 1 1 1

Estado: 54
1 1 1 1 1 0 0 0 0 0
0 1 0 0 1 0 0 0 1 0
1 1 0 1 2 1 1 0 1 1
2 0 0 0 1 0 0 0 1 1
1 0 1 1 1 1 0 0 0 2
1 0 0 0 0 1 1 1 1 3
1 1 1 1 1 1 0 0 1 0
0 1 0 0 0 0 0 1 1 1
1 1 1 1 1 1 1 1 1 0
0 0 0 0 0 0 0 1 1 1

>> Numero de nos visitados: 56
>> Custo da solucao: 36
