>> Solucao encontrada!

Estado: 0
2 1 0 0 0 0 0 0 1 0
1 1 0 1 1 1 1 1 1 0
0 1 0 1 0 0 0 0 1 0
0 1 0 1 0 1 1 1 1 0
0 1 1 1 0 1 0 0 1 0
0 1 0 1 0 1 0 1 1 1
0 1 0 1 0 1 0 1 0 1
0 1 0 1 0 1 0 1 0 1
0 1 1 1 1 1 1 1 0 1
0 0 0 0 0 0 0 1 1 3

Estado: 1
1 1 0 0 0 0 0 0 1 0
2 1 0 1 1 1 1 1 1 0
0 1 0 1 0 0 0 0 1 0
0 1 0 1 0 1 1 1 1 0
0 1 1 1 0 1 0 0 1 0
0 1 0 1 0 1 0 1 1 1
0 1 0 1 0 1 0 1 0 1
0 1 0 1 0 1 0 1 0 1
0 1 1 1 1 1 1 1 0 1
0 0 0 0 0 0 0 1 1 3

Estado: 2
1 1 0 0 0 0 0 0 1 0
1 2 0 1 1 1 1 1 1 0
0 1 0 1 0 0 0 0 1 0
0 1 0 1 0 1 1 1 1 0
0 1 1 1 0 1 0 0 1 0
0 1 0 1 0 1 0 1 1 1
0 1 0 1 0 1 0 1 0 1
0 1 0 1 0 1 0 1 0 1
0 1 1 1 1 1 1 1 0 1
0 0 0 0 0 0 0 1 1 3

Estado: 4
1 1 0 0 0 0 0 0 1 0
1 1 0 1 1 1 1 1 1 0
0 2 0 1 0 0 0 0 1 0
0 1 0 1 0 1 1 1 1 0
0 1 1 1 0 1 0 0 1 0
0 1 0 1 0 1 0 1 1 1
0 1 0 1 0 1 0 1 0 1
0 1 0 1 0 1 0 1 0 1
0 1 1 1 1 1 1 1 0 1
0 0 0 0 0 0 0 1 1 3

Estado: 5
1 1 0 0 0 0 0 0 1 0
1 1 0 1 1 1 1 1 1 0
0 1 0 1 0 0 0 0 1 0
0 2 0 1 0 1 1 1 1 0
0 1 1 1 0 1 0 0 1 0
0 1 0 1 0 1 0 1 1 1
0 1 0 1 0 1 0 1 0 1
0 1 0 1 0 1 0 1 0 1
0 1 1 1 1 1 1 1 0 1
0 0 0 0 0 0 0 1 1 3

Estado: 6
1 1 0 0 0 0 0 0 1 0
1 1 0 1 1 1 1 1 1 0
0 1 0 1 0 0 0 0 1 0
0 1 0 1 0 1 1 1 1 0
0 2 1 1 0 1 0 0 1 0
0 1 0 1 0 1 0 1 1 1
0 1 0 1 0 1 0 1 0 1
0 1 0 1 0 1 0 1 0 1
0 1 1 1 1 1 1 1 0 1
0 0 0 0 0 0 0 1 1 3

Estado: 7
1 1 0 0 0 0 0 0 1 0
1 1 0 1 1 1 1 1 1 0
0 1 0 1 0 0 0 0 1 0
0 1 0 1 0 1 1 1 1 0
0 1 1 1 0 1 0 0 1 0
0 2 0 1 0 1 0 1 1 1
0 1 0 1 0 1 0 1 0 1
0 1 0 1 0 1 0 1 0 1
0 1 1 1 1 1 1 1 0 1
0 0 0 0 0 0 0 1 1 3

Estado: 8
1 1 0 0 0 0 0 0 1 0
1 1 0 1 1 1 1 1 1 0
0 1 0 1 0 0 0 0 1 0
0 1 0 1 0 1 1 1 1 0
0 1 1 1 0 1 0 0 1 0
0 1 0 1 0 1 0 1 1 1
0 2 0 1 0 1 0 1 0 1
0 1 0 1 0 1 0 1 0 1
0 1 1 1 1 1 1 1 0 1
0 0 0 0 0 0 0 1 1 3

Estado: 9
1 1 0 0 0 0 0 0 1 0
1 1 0 1 1 1 1 1 1 0
0 1 0 1 0 0 0 0 1 0
0 1 0 1 0 1 1 1 1 0
0 1 1 1 0 1 0 0 1 0
0 1 0 1 0 1 0 1 1 1
0 1 0 1 0 1 0 1 0 1
0 2 0 1 0 1 0 1 0 1
0 1 1 1 1 1 1 1 0 1
0 0 0 0 0 0 0 1 1 3

Estado: 10
1 1 0 0 0 0 0 0 1 0
1 1 0 1 1 1 1 1 1 0
0 1 0 1 0 0 0 0 1 0
0 1 0 1 0 1 1 1 1 0
0 1 1 1 0 1 0 0 1 0
0 1 0 1 0 1 0 1 1 1
0 1 0 1 0 1 0 1 0 1
0 1 0 1 0 1 0 1 0 1
0 2 1 1 1 1 1 1 0 1
0 0 0 0 0 0 0 1 1 3

Estado: 11
1 1 0 0 0 0 0 0 1 0
1 1 0 1 1 1 1 1 1 0
0 1 0 1 0 0 0 0 1 0
0 1 0 1 0 1 1 1 1 0
0 1 1 1 0 1 0 0 1 0
0 1 0 1 0 1 0 1 1 1
0 1 0 1 0 1 0 1 0 1
0 1 0 1 0 1 0 1 0 1
0 1 2 1 1 1 1 1 0 1
0 0 0 0 0 0 0 1 1 3

Estado: 12
1 1 0 0 0 0 0 0 1 0
1 1 0 1 1 1 1 1 1 0
0 1 0 1 0 0 0 0 1 0
0 1 0 1 0 1 1 1 1 0
0 1 1 1 0 1 0 0 1 0
0 1 0 1 0 1 0 1 1 1
0 1 0 1 0 1 0 1 0 1
0 1 0 1 0 1 0 1 0 1
0 1 1 2 1 1 1 1 0 1
0 0 0 0 0 0 0 1 1 3

Estado: 23
1 1 0 0 0 0 0 0 1 0
1 1 0 1 1 1 1 1 1 0
0 1 0 1 0 0 0 0 1 0
0 1 0 1 0 1 1 1 1 0
0 1 1 1 0 1 0 0 1 0
0 1 0 1 0 1 0 1 1 1
0 1 0 1 0 1 0 1 0 1
0 1 0 1 0 1 0 1 0 1
0 1 1 1 2 1 1 1 0 1
0 0 0 0 0 0 0 1 1 3

Estado: 24
1 1 0 0 0 0 0 0 1 0
1 1 0 1 1 1 1 1 1 0
0 1 0 1 0 0 0 0 1 0
0 1 0 1 0 1 1 1 1 0
0 1 1 1 0 1 0 0 1 0
0 1 0 1 0 1 0 1 1 1
0 1 0 1 0 1 0 1 0 1
0 1 0 1 0 1 0 1 0 1
0 1 1 1 1 2 1 1 0 1
0 0 0 0 0 0 0 1 1 3

Estado: 32
1 1 0 0 0 0 0 0 1 0
1 1 0 1 1 1 1 1 1 0
0 1 0 1 0 0 0 0 1 0
0 1 0 1 0 1 1 1 1 0
0 1 1 1 0 1 0 0 1 0
0 1 0 1 0 1 0 1 1 1
0 1 0 1 0 1 0 1 0 1
0 1 0 1 0 1 0 1 0 1
0 1 1 1 1 1 2 1 0 1
0 0 0 0 0 0 0 1 1 3

Estado: 33
1 1 0 0 0 0 0 0 1 0
1 1 0 1 1 1 1 1 1 0
0 1 0 1 0 0 0 0 1 0
0 1 0 1 0 1 1 1 1 0
0 1 1 1 0 1 0 0 1 0
0 1 0 1 0 1 0 1 1 1
0 1 0 1 0 1 0 1 0 1
0 1 0 1 0 1 0 1 0 1
0 1 1 1 1 1 1 2 0 1
0 0 0 0 0 0 0 1 1 3

Estado: 40
1 1 0 0 0 0 0 0 1 0
1 1 0 1 1 1 1 1 1 0
0 1 0 1 0 0 0 0 1 0
0 1 0 1 0 1 1 1 1 0
0 1 1 1 0 1 0 0 1 0
0 1 0 1 0 1 0 1 1 1
0 1 0 1 0 1 0 1 0 1
0 1 0 1 0 1 0 1 0 1
0 1 1 1 1 1 1 1 0 1
0 0 0 0 0 0 0 2 1 3

Estado: 41
1 1 0 0 0 0 0 0 1 0
1 1 0 1 1 1 1 1 1 0
0 1 0 1 0 0 0 0 1 0
0 1 0 1 0 1 1 1 1 0
0 1 1 1 0 1 0 0 1 0
0 1 0 1 0 1 0 1 1 1
0 1 0 1 0 1 0 1 0 1
0 1 0 1 0 1 0 1 0 1
0 1 1 1 1 1 1 1 0 1
0 0 0 0 0 0 0 1 2 3

Estado: 42
1 1 0 0 0 0 0 0 1 0
1 1 0 1 1 1 1 1 1 0
0 1 0 1 0 0 0 0 1 0
0 1 0 1 0 1 1 1 1 0
0 1 1 1 0 1 0 0 1 0
0 1 0 1 0 1 0 1 1 1
0 1 0 1 0 1 0 1 0 1
0 1 0 1 0 1 0 1 0 1
0 1 1 1 1 1 1 1 0 1
0 0 0 0 0 0 0 1 3 2

>> Numero de nos visitados: 43
>> Profundidade: 18
>> Custo da solucao: 19
