>> Solucao encontrada!

Estado: 0
2 0 0 0 0 0 0 0 1
1 1 1 1 0 0 0 0 1
1 0 0 1 0 1 1 1 1
1 1 1 1 1 1 0 0 1
1 0 0 0 1 0 0 0 1
1 1 1 0 1 1 0 1 1
1 0 0 0 0 1 0 0 1
1 1 1 1 1 1 0 0 3
1 0 0 0 0 1 1 1 1

Estado: 1
1 0 0 0 0 0 0 0 1
2 1 1 1 0 0 0 0 1
1 0 0 1 0 1 1 1 1
1 1 1 1 1 1 0 0 1
1 0 0 0 1 0 0 0 1
1 1 1 0 1 1 0 1 1
1 0 0 0 0 1 0 0 1
1 1 1 1 1 1 0 0 3
1 0 0 0 0 1 1 1 1

Estado: 2
1 0 0 0 0 0 0 0 1
1 1 1 1 0 0 0 0 1
2 0 0 1 0 1 1 1 1
1 1 1 1 1 1 0 0 1
1 0 0 0 1 0 0 0 1
1 1 1 0 1 1 0 1 1
1 0 0 0 0 1 0 0 1
1 1 1 1 1 1 0 0 3
1 0 0 0 0 1 1 1 1

Estado: 4
1 0 0 0 0 0 0 0 1
1 1 1 1 0 0 0 0 1
1 0 0 1 0 1 1 1 1
2 1 1 1 1 1 0 0 1
1 0 0 0 1 0 0 0 1
1 1 1 0 1 1 0 1 1
1 0 0 0 0 1 0 0 1
1 1 1 1 1 1 0 0 3
1 0 0 0 0 1 1 1 1

Estado: 6
1 0 0 0 0 0 0 0 1
1 1 1 1 0 0 0 0 1
1 0 0 1 0 1 1 1 1
1 1 1 1 1 1 0 0 1
2 0 0 0 1 0 0 0 1
1 1 1 0 1 1 0 1 1
1 0 0 0 0 1 0 0 1
1 1 1 1 1 1 0 0 3
1 0 0 0 0 1 1 1 1

Estado: 9
1 0 0 0 0 0 0 0 1
1 1 1 1 0 0 0 0 1
1 0 0 1 0 1 1 1 1
1 1 1 1 1 1 0 0 1
1 0 0 0 1 0 0 0 1
2 1 1 0 1 1 0 1 1
1 0 0 0 0 1 0 0 1
1 1 1 1 1 1 0 0 3
1 0 0 0 0 1 1 1 1

Estado: 12
1 0 0 0 0 0 0 0 1
1 1 1 1 0 0 0 0 1
1 0 0 1 0 1 1 1 1
1 1 1 1 1 1 0 0 1
1 0 0 0 1 0 0 0 1
1 1 1 0 1 1 0 1 1
2 0 0 0 0 1 0 0 1
1 1 1 1 1 1 0 0 3
1 0 0 0 0 1 1 1 1

Estado: 15
1 0 0 0 0 0 0 0 1
1 1 1 1 0 0 0 0 1
1 0 0 1 0 1 1 1 1
1 1 1 1 1 1 0 0 1
1 0 0 0 1 0 0 0 1
1 1 1 0 1 1 0 1 1
1 0 0 0 0 1 0 0 1
2 1 1 1 1 1 0 0 3
1 0 0 0 0 1 1 1 1

Estado: 19
1 0 0 0 0 0 0 0 1
1 1 1 1 0 0 0 0 1
1 0 0 1 0 1 1 1 1
1 1 1 1 1 1 0 0 1
1 0 0 0 1 0 0 0 1
1 1 1 0 1 1 0 1 1
1 0 0 0 0 1 0 0 1
1 2 1 1 1 1 0 0 3
1 0 0 0 0 1 1 1 1

Estado: 22
1 0 0 0 0 0 0 0 1
1 1 1 1 0 0 0 0 1
1 0 0 1 0 1 1 1 1
1 1 1 1 1 1 0 0 1
1 0 0 0 1 0 0 0 1
1 1 1 0 1 1 0 1 1
1 0 0 0 0 1 0 0 1
1 1 2 1 1 1 0 0 3
1 0 0 0 0 1 1 1 1

Estado: 25
1 0 0 0 0 0 0 0 1
1 1 1 1 0 0 0 0 1
1 0 0 1 0 1 1 1 1
1 1 1 1 1 1 0 0 1
1 0 0 0 1 0 0 0 1
1 1 1 0 1 1 0 1 1
1 0 0 0 0 1 0 0 1
1 1 1 2 1 1 0 0 3
1 0 0 0 0 1 1 1 1

Estado: 28
1 0 0 0 0 0 0 0 1
1 1 1 1 0 0 0 0 1
1 0 0 1 0 1 1 1 1
1 1 1 1 1 1 0 0 1
1 0 0 0 1 0 0 0 1
1 1 1 0 1 1 0 1 1
1 0 0 0 0 1 0 0 1
1 1 1 1 2 1 0 0 3
1 0 0 0 0 1 1 1 1

Estado: 31
1 0 0 0 0 0 0 0 1
1 1 1 1 0 0 0 0 1
1 0 0 1 0 1 1 1 1
1 1 1 1 1 1 0 0 1
1 0 0 0 1 0 0 0 1
1 1 1 0 1 1 0 1 1
1 0 0 0 0 1 0 0 1
1 1 1 1 1 2 0 0 3
1 0 0 0 0 1 1 1 1

Estado: 33
1 0 0 0 0 0 0 0 1
1 1 1 1 0 0 0 0 1
1 0 0 1 0 1 1 1 1
1 1 1 1 1 1 0 0 1
1 0 0 0 1 0 0 0 1
1 1 1 0 1 1 0 1 1
1 0 0 0 0 1 0 0 1
1 1 1 1 1 1 0 0 3
1 0 0 0 0 2 1 1 1

Estado: 36
1 0 0 0 0 0 0 0 1
1 1 1 1 0 0 0 0 1
1 0 0 1 0 1 1 1 1
1 1 1 1 1 1 0 0 1
1 0 0 0 1 0 0 0 1
1 1 1 0 1 1 0 1 1
1 0 0 0 0 1 0 0 1
1 1 1 1 1 1 0 0 3
1 0 0 0 0 1 2 1 1

Estado: 39
1 0 0 0 0 0 0 0 1
1 1 1 1 0 0 0 0 1
1 0 0 1 0 1 1 1 1
1 1 1 1 1 1 0 0 1
1 0 0 0 1 0 0 0 1
1 1 1 0 1 1 0 1 1
1 0 0 0 0 1 0 0 1
1 1 1 1 1 1 0 0 3
1 0 0 0 0 1 1 2 1

Estado: 41
1 0 0 0 0 0 0 0 1
1 1 1 1 0 0 0 0 1
1 0 0 1 0 1 1 1 1
1 1 1 1 1 1 0 0 1
1 0 0 0 1 0 0 0 1
1 1 1 0 1 1 0 1 1
1 0 0 0 0 1 0 0 1
1 1 1 1 1 1 0 0 3
1 0 0 0 0 1 1 1 2

Estado: 44
1 0 0 0 0 0 0 0 1
1 1 1 1 0 0 0 0 1
1 0 0 1 0 1 1 1 1
1 1 1 1 1 1 0 0 1
1 0 0 0 1 0 0 0 1
1 1 1 0 1 1 0 1 1
1 0 0 0 0 1 0 0 1
1 1 1 1 1 1 0 0 2
1 0 0 0 0 1 1 1 3

>> Numero de nos visitados: 46
>> Profundidade: 17
>> Custo da solucao: 18
