>> Solucao encontrada!

Estado: 0
2 0 1 0 0 1 1 1
1 1 1 1 0 0 0 1
0 1 0 1 0 1 1 1
1 1 0 1 1 1 0 1
0 0 0 0 1 1 1 1
1 1 0 1 1 1 1 1
0 0 0 1 0 0 0 3
0 0 0 0 0 0 0 0

Estado: 1
1 0 1 0 0 1 1 1
2 1 1 1 0 0 0 1
0 1 0 1 0 1 1 1
1 1 0 1 1 1 0 1
0 0 0 0 1 1 1 1
1 1 0 1 1 1 1 1
0 0 0 1 0 0 0 3
0 0 0 0 0 0 0 0

Estado: 2
1 0 1 0 0 1 1 1
1 2 1 1 0 0 0 1
0 1 0 1 0 1 1 1
1 1 0 1 1 1 0 1
0 0 0 0 1 1 1 1
1 1 0 1 1 1 1 1
0 0 0 1 0 0 0 3
0 0 0 0 0 0 0 0

Estado: 6
1 0 1 0 0 1 1 1
1 1 2 1 0 0 0 1
0 1 0 1 0 1 1 1
1 1 0 1 1 1 0 1
0 0 0 0 1 1 1 1
1 1 0 1 1 1 1 1
0 0 0 1 0 0 0 3
0 0 0 0 0 0 0 0

Estado: 8
1 0 1 0 0 1 1 1
1 1 1 2 0 0 0 1
0 1 0 1 0 1 1 1
1 1 0 1 1 1 0 1
0 0 0 0 1 1 1 1
1 1 0 1 1 1 1 1
0 0 0 1 0 0 0 3
0 0 0 0 0 0 0 0

Estado: 9
1 0 1 0 0 1 1 1
1 1 1 1 0 0 0 1
0 1 0 2 0 1 1 1
1 1 0 1 1 1 0 1
0 0 0 0 1 1 1 1
1 1 0 1 1 1 1 1
0 0 0 1 0 0 0 3
0 0 0 0 0 0 0 0

Estado: 10
1 0 1 0 0 1 1 1
1 1 1 1 0 0 0 1
0 1 0 1 0 1 1 1
1 1 0 2 1 1 0 1
0 0 0 0 1 1 1 1
1 1 0 1 1 1 1 1
0 0 0 1 0 0 0 3
0 0 0 0 0 0 0 0

Estado: 11
1 0 1 0 0 1 1 1
1 1 1 1 0 0 0 1
0 1 0 1 0 1 1 1
1 1 0 1 2 1 0 1
0 0 0 0 1 1 1 1
1 1 0 1 1 1 1 1
0 0 0 1 0 0 0 3
0 0 0 0 0 0 0 0

Estado: 12
1 0 1 0 0 1 1 1
1 1 1 1 0 0 0 1
0 1 0 1 0 1 1 1
1 1 0 1 1 1 0 1
0 0 0 0 2 1 1 1
1 1 0 1 1 1 1 1
0 0 0 1 0 0 0 3
0 0 0 0 0 0 0 0

Estado: 13
1 0 1 0 0 1 1 1
1 1 1 1 0 0 0 1
0 1 0 1 0 1 1 1
1 1 0 1 1 1 0 1
0 0 0 0 1 1 1 1
1 1 0 1 2 1 1 1
0 0 0 1 0 0 0 3
0 0 0 0 0 0 0 0

Estado: 16
1 0 1 0 0 1 1 1
1 1 1 1 0 0 0 1
0 1 0 1 0 1 1 1
1 1 0 1 1 1 0 1
0 0 0 0 1 1 1 1
1 1 0 1 1 2 1 1
0 0 0 1 0 0 0 3
0 0 0 0 0 0 0 0

Estado: 17
1 0 1 0 0 1 1 1
1 1 1 1 0 0 0 1
0 1 0 1 0 1 1 1
1 1 0 1 1 1 0 1
0 0 0 0 1 2 1 1
1 1 0 1 1 1 1 1
0 0 0 1 0 0 0 3
0 0 0 0 0 0 0 0

Estado: 22
1 0 1 0 0 1 1 1
1 1 1 1 0 0 0 1
0 1 0 1 0 1 1 1
1 1 0 1 1 1 0 1
0 0 0 0 1 1 2 1
1 1 0 1 1 1 1 1
0 0 0 1 0 0 0 3
0 0 0 0 0 0 0 0

Estado: 23
1 0 1 0 0 1 1 1
1 1 1 1 0 0 0 1
0 1 0 1 0 1 1 1
1 1 0 1 1 1 0 1
0 0 0 0 1 1 1 1
1 1 0 1 1 1 2 1
0 0 0 1 0 0 0 3
0 0 0 0 0 0 0 0

Estado: 24
1 0 1 0 0 1 1 1
1 1 1 1 0 0 0 1
0 1 0 1 0 1 1 1
1 1 0 1 1 1 0 1
0 0 0 0 1 1 1 1
1 1 0 1 1 1 1 2
0 0 0 1 0 0 0 3
0 0 0 0 0 0 0 0

Estado: 26
1 0 1 0 0 1 1 1
1 1 1 1 0 0 0 1
0 1 0 1 0 1 1 1
1 1 0 1 1 1 0 1
0 0 0 0 1 1 1 1
1 1 0 1 1 1 1 3
0 0 0 1 0 0 0 2
0 0 0 0 0 0 0 0

>> Numero de nos visitados: 27
>> Profundidade: 15
>> Custo da solucao: 16
