Teste 1: 
>> Estado: 1
2 0 0 0 1 0 0 0 0 0 
1 0 0 0 1 0 0 0 0 0 
1 0 0 0 1 0 0 0 0 0 
1 1 1 1 1 1 1 1 1 1 
0 0 0 1 0 1 0 1 0 0 
0 0 0 1 0 1 0 1 0 0 
0 0 1 1 1 1 0 1 0 0 
0 0 1 0 0 0 0 1 0 0 
0 0 1 0 0 0 0 1 0 0 
0 0 1 3 1 1 1 1 0 0 

>> Estado: 2
1 0 0 0 1 0 0 0 0 0 
2 0 0 0 1 0 0 0 0 0 
1 0 0 0 1 0 0 0 0 0 
1 1 1 1 1 1 1 1 1 1 
0 0 0 1 0 1 0 1 0 0 
0 0 0 1 0 1 0 1 0 0 
0 0 1 1 1 1 0 1 0 0 
0 0 1 0 0 0 0 1 0 0 
0 0 1 0 0 0 0 1 0 0 
0 0 1 3 1 1 1 1 0 0 

>> Estado: 3
1 0 0 0 1 0 0 0 0 0 
1 0 0 0 1 0 0 0 0 0 
2 0 0 0 1 0 0 0 0 0 
1 1 1 1 1 1 1 1 1 1 
0 0 0 1 0 1 0 1 0 0 
0 0 0 1 0 1 0 1 0 0 
0 0 1 1 1 1 0 1 0 0 
0 0 1 0 0 0 0 1 0 0 
0 0 1 0 0 0 0 1 0 0 
0 0 1 3 1 1 1 1 0 0 

>> Estado: 4
1 0 0 0 1 0 0 0 0 0 
1 0 0 0 1 0 0 0 0 0 
1 0 0 0 1 0 0 0 0 0 
2 1 1 1 1 1 1 1 1 1 
0 0 0 1 0 1 0 1 0 0 
0 0 0 1 0 1 0 1 0 0 
0 0 1 1 1 1 0 1 0 0 
0 0 1 0 0 0 0 1 0 0 
0 0 1 0 0 0 0 1 0 0 
0 0 1 3 1 1 1 1 0 0 

>> Estado: 5
1 0 0 0 1 0 0 0 0 0 
1 0 0 0 1 0 0 0 0 0 
1 0 0 0 1 0 0 0 0 0 
1 2 1 1 1 1 1 1 1 1 
0 0 0 1 0 1 0 1 0 0 
0 0 0 1 0 1 0 1 0 0 
0 0 1 1 1 1 0 1 0 0 
0 0 1 0 0 0 0 1 0 0 
0 0 1 0 0 0 0 1 0 0 
0 0 1 3 1 1 1 1 0 0 

>> Estado: 6
1 0 0 0 1 0 0 0 0 0 
1 0 0 0 1 0 0 0 0 0 
1 0 0 0 1 0 0 0 0 0 
1 1 2 1 1 1 1 1 1 1 
0 0 0 1 0 1 0 1 0 0 
0 0 0 1 0 1 0 1 0 0 
0 0 1 1 1 1 0 1 0 0 
0 0 1 0 0 0 0 1 0 0 
0 0 1 0 0 0 0 1 0 0 
0 0 1 3 1 1 1 1 0 0 

>> Estado: 7
1 0 0 0 1 0 0 0 0 0 
1 0 0 0 1 0 0 0 0 0 
1 0 0 0 1 0 0 0 0 0 
1 1 1 2 1 1 1 1 1 1 
0 0 0 1 0 1 0 1 0 0 
0 0 0 1 0 1 0 1 0 0 
0 0 1 1 1 1 0 1 0 0 
0 0 1 0 0 0 0 1 0 0 
0 0 1 0 0 0 0 1 0 0 
0 0 1 3 1 1 1 1 0 0 

>> Estado: 8
1 0 0 0 1 0 0 0 0 0 
1 0 0 0 1 0 0 0 0 0 
1 0 0 0 1 0 0 0 0 0 
1 1 1 1 1 1 1 1 1 1 
0 0 0 2 0 1 0 1 0 0 
0 0 0 1 0 1 0 1 0 0 
0 0 1 1 1 1 0 1 0 0 
0 0 1 0 0 0 0 1 0 0 
0 0 1 0 0 0 0 1 0 0 
0 0 1 3 1 1 1 1 0 0 

>> Estado: 9
1 0 0 0 1 0 0 0 0 0 
1 0 0 0 1 0 0 0 0 0 
1 0 0 0 1 0 0 0 0 0 
1 1 1 1 1 1 1 1 1 1 
0 0 0 1 0 1 0 1 0 0 
0 0 0 2 0 1 0 1 0 0 
0 0 1 1 1 1 0 1 0 0 
0 0 1 0 0 0 0 1 0 0 
0 0 1 0 0 0 0 1 0 0 
0 0 1 3 1 1 1 1 0 0 

>> Estado: 10
1 0 0 0 1 0 0 0 0 0 
1 0 0 0 1 0 0 0 0 0 
1 0 0 0 1 0 0 0 0 0 
1 1 1 1 1 1 1 1 1 1 
0 0 0 1 0 1 0 1 0 0 
0 0 0 1 0 1 0 1 0 0 
0 0 1 2 1 1 0 1 0 0 
0 0 1 0 0 0 0 1 0 0 
0 0 1 0 0 0 0 1 0 0 
0 0 1 3 1 1 1 1 0 0 

>> Estado: 11
1 0 0 0 1 0 0 0 0 0 
1 0 0 0 1 0 0 0 0 0 
1 0 0 0 1 0 0 0 0 0 
1 1 1 1 1 1 1 1 1 1 
0 0 0 1 0 1 0 1 0 0 
0 0 0 1 0 1 0 1 0 0 
0 0 2 1 1 1 0 1 0 0 
0 0 1 0 0 0 0 1 0 0 
0 0 1 0 0 0 0 1 0 0 
0 0 1 3 1 1 1 1 0 0 

>> Estado: 12
1 0 0 0 1 0 0 0 0 0 
1 0 0 0 1 0 0 0 0 0 
1 0 0 0 1 0 0 0 0 0 
1 1 1 1 1 1 1 1 1 1 
0 0 0 1 0 1 0 1 0 0 
0 0 0 1 0 1 0 1 0 0 
0 0 1 1 1 1 0 1 0 0 
0 0 2 0 0 0 0 1 0 0 
0 0 1 0 0 0 0 1 0 0 
0 0 1 3 1 1 1 1 0 0 

>> Estado: 13
1 0 0 0 1 0 0 0 0 0 
1 0 0 0 1 0 0 0 0 0 
1 0 0 0 1 0 0 0 0 0 
1 1 1 1 1 1 1 1 1 1 
0 0 0 1 0 1 0 1 0 0 
0 0 0 1 0 1 0 1 0 0 
0 0 1 1 1 1 0 1 0 0 
0 0 1 0 0 0 0 1 0 0 
0 0 2 0 0 0 0 1 0 0 
0 0 1 3 1 1 1 1 0 0 

>> Estado: 14
1 0 0 0 1 0 0 0 0 0 
1 0 0 0 1 0 0 0 0 0 
1 0 0 0 1 0 0 0 0 0 
1 1 1 1 1 1 1 1 1 1 
0 0 0 1 0 1 0 1 0 0 
0 0 0 1 0 1 0 1 0 0 
0 0 1 1 1 1 0 1 0 0 
0 0 1 0 0 0 0 1 0 0 
0 0 1 0 0 0 0 1 0 0 
0 0 2 3 1 1 1 1 0 0 

>> Estado: 15
1 0 0 0 1 0 0 0 0 0 
1 0 0 0 1 0 0 0 0 0 
1 0 0 0 1 0 0 0 0 0 
1 1 1 1 1 1 1 1 1 1 
0 0 0 1 0 1 0 1 0 0 
0 0 0 1 0 1 0 1 0 0 
0 0 1 1 1 1 0 1 0 0 
0 0 1 0 0 0 0 1 0 0 
0 0 1 0 0 0 0 1 0 0 
0 0 3 2 1 1 1 1 0 0 

>> Encontrei!
>> Profundidade da meta: 14
>> Total de nos: 15
>> Tempo de execucao: 0.00000 segundos.

=============================================

Teste 2: 
>> Estado: 1
2 1 0 0 0 0 0 0 1 0 
1 1 0 1 1 1 1 1 1 0 
0 1 0 1 0 0 0 0 1 0 
0 1 0 1 0 1 1 1 1 0 
0 1 1 1 0 1 0 0 1 0 
0 1 0 1 0 1 0 1 1 1 
0 1 0 1 0 1 0 1 0 1 
0 1 0 1 0 1 0 1 0 1 
0 1 1 1 1 1 1 1 0 1 
0 0 0 0 0 0 0 1 1 3 

>> Estado: 2
1 1 0 0 0 0 0 0 1 0 
2 1 0 1 1 1 1 1 1 0 
0 1 0 1 0 0 0 0 1 0 
0 1 0 1 0 1 1 1 1 0 
0 1 1 1 0 1 0 0 1 0 
0 1 0 1 0 1 0 1 1 1 
0 1 0 1 0 1 0 1 0 1 
0 1 0 1 0 1 0 1 0 1 
0 1 1 1 1 1 1 1 0 1 
0 0 0 0 0 0 0 1 1 3 

>> Estado: 3
1 1 0 0 0 0 0 0 1 0 
1 2 0 1 1 1 1 1 1 0 
0 1 0 1 0 0 0 0 1 0 
0 1 0 1 0 1 1 1 1 0 
0 1 1 1 0 1 0 0 1 0 
0 1 0 1 0 1 0 1 1 1 
0 1 0 1 0 1 0 1 0 1 
0 1 0 1 0 1 0 1 0 1 
0 1 1 1 1 1 1 1 0 1 
0 0 0 0 0 0 0 1 1 3 

>> Estado: 4
1 1 0 0 0 0 0 0 1 0 
1 1 0 1 1 1 1 1 1 0 
0 2 0 1 0 0 0 0 1 0 
0 1 0 1 0 1 1 1 1 0 
0 1 1 1 0 1 0 0 1 0 
0 1 0 1 0 1 0 1 1 1 
0 1 0 1 0 1 0 1 0 1 
0 1 0 1 0 1 0 1 0 1 
0 1 1 1 1 1 1 1 0 1 
0 0 0 0 0 0 0 1 1 3 

>> Estado: 5
1 1 0 0 0 0 0 0 1 0 
1 1 0 1 1 1 1 1 1 0 
0 1 0 1 0 0 0 0 1 0 
0 2 0 1 0 1 1 1 1 0 
0 1 1 1 0 1 0 0 1 0 
0 1 0 1 0 1 0 1 1 1 
0 1 0 1 0 1 0 1 0 1 
0 1 0 1 0 1 0 1 0 1 
0 1 1 1 1 1 1 1 0 1 
0 0 0 0 0 0 0 1 1 3 

>> Estado: 6
1 1 0 0 0 0 0 0 1 0 
1 1 0 1 1 1 1 1 1 0 
0 1 0 1 0 0 0 0 1 0 
0 1 0 1 0 1 1 1 1 0 
0 2 1 1 0 1 0 0 1 0 
0 1 0 1 0 1 0 1 1 1 
0 1 0 1 0 1 0 1 0 1 
0 1 0 1 0 1 0 1 0 1 
0 1 1 1 1 1 1 1 0 1 
0 0 0 0 0 0 0 1 1 3 

>> Estado: 7
1 1 0 0 0 0 0 0 1 0 
1 1 0 1 1 1 1 1 1 0 
0 1 0 1 0 0 0 0 1 0 
0 1 0 1 0 1 1 1 1 0 
0 1 1 1 0 1 0 0 1 0 
0 2 0 1 0 1 0 1 1 1 
0 1 0 1 0 1 0 1 0 1 
0 1 0 1 0 1 0 1 0 1 
0 1 1 1 1 1 1 1 0 1 
0 0 0 0 0 0 0 1 1 3 

>> Estado: 8
1 1 0 0 0 0 0 0 1 0 
1 1 0 1 1 1 1 1 1 0 
0 1 0 1 0 0 0 0 1 0 
0 1 0 1 0 1 1 1 1 0 
0 1 1 1 0 1 0 0 1 0 
0 1 0 1 0 1 0 1 1 1 
0 2 0 1 0 1 0 1 0 1 
0 1 0 1 0 1 0 1 0 1 
0 1 1 1 1 1 1 1 0 1 
0 0 0 0 0 0 0 1 1 3 

>> Estado: 9
1 1 0 0 0 0 0 0 1 0 
1 1 0 1 1 1 1 1 1 0 
0 1 0 1 0 0 0 0 1 0 
0 1 0 1 0 1 1 1 1 0 
0 1 1 1 0 1 0 0 1 0 
0 1 0 1 0 1 0 1 1 1 
0 1 0 1 0 1 0 1 0 1 
0 2 0 1 0 1 0 1 0 1 
0 1 1 1 1 1 1 1 0 1 
0 0 0 0 0 0 0 1 1 3 

>> Estado: 10
1 1 0 0 0 0 0 0 1 0 
1 1 0 1 1 1 1 1 1 0 
0 1 0 1 0 0 0 0 1 0 
0 1 0 1 0 1 1 1 1 0 
0 1 1 1 0 1 0 0 1 0 
0 1 0 1 0 1 0 1 1 1 
0 1 0 1 0 1 0 1 0 1 
0 1 0 1 0 1 0 1 0 1 
0 2 1 1 1 1 1 1 0 1 
0 0 0 0 0 0 0 1 1 3 

>> Estado: 11
1 1 0 0 0 0 0 0 1 0 
1 1 0 1 1 1 1 1 1 0 
0 1 0 1 0 0 0 0 1 0 
0 1 0 1 0 1 1 1 1 0 
0 1 1 1 0 1 0 0 1 0 
0 1 0 1 0 1 0 1 1 1 
0 1 0 1 0 1 0 1 0 1 
0 1 0 1 0 1 0 1 0 1 
0 1 2 1 1 1 1 1 0 1 
0 0 0 0 0 0 0 1 1 3 

>> Estado: 12
1 1 0 0 0 0 0 0 1 0 
1 1 0 1 1 1 1 1 1 0 
0 1 0 1 0 0 0 0 1 0 
0 1 0 1 0 1 1 1 1 0 
0 1 1 1 0 1 0 0 1 0 
0 1 0 1 0 1 0 1 1 1 
0 1 0 1 0 1 0 1 0 1 
0 1 0 1 0 1 0 1 0 1 
0 1 1 2 1 1 1 1 0 1 
0 0 0 0 0 0 0 1 1 3 

>> Estado: 13
1 1 0 0 0 0 0 0 1 0 
1 1 0 1 1 1 1 1 1 0 
0 1 0 1 0 0 0 0 1 0 
0 1 0 1 0 1 1 1 1 0 
0 1 1 1 0 1 0 0 1 0 
0 1 0 1 0 1 0 1 1 1 
0 1 0 1 0 1 0 1 0 1 
0 1 0 1 0 1 0 1 0 1 
0 1 1 1 2 1 1 1 0 1 
0 0 0 0 0 0 0 1 1 3 

>> Estado: 14
1 1 0 0 0 0 0 0 1 0 
1 1 0 1 1 1 1 1 1 0 
0 1 0 1 0 0 0 0 1 0 
0 1 0 1 0 1 1 1 1 0 
0 1 1 1 0 1 0 0 1 0 
0 1 0 1 0 1 0 1 1 1 
0 1 0 1 0 1 0 1 0 1 
0 1 0 1 0 1 0 1 0 1 
0 1 1 1 1 2 1 1 0 1 
0 0 0 0 0 0 0 1 1 3 

>> Estado: 15
1 1 0 0 0 0 0 0 1 0 
1 1 0 1 1 1 1 1 1 0 
0 1 0 1 0 0 0 0 1 0 
0 1 0 1 0 1 1 1 1 0 
0 1 1 1 0 1 0 0 1 0 
0 1 0 1 0 1 0 1 1 1 
0 1 0 1 0 1 0 1 0 1 
0 1 0 1 0 1 0 1 0 1 
0 1 1 1 1 1 2 1 0 1 
0 0 0 0 0 0 0 1 1 3 

>> Estado: 16
1 1 0 0 0 0 0 0 1 0 
1 1 0 1 1 1 1 1 1 0 
0 1 0 1 0 0 0 0 1 0 
0 1 0 1 0 1 1 1 1 0 
0 1 1 1 0 1 0 0 1 0 
0 1 0 1 0 1 0 1 1 1 
0 1 0 1 0 1 0 1 0 1 
0 1 0 1 0 1 0 1 0 1 
0 1 1 1 1 1 1 2 0 1 
0 0 0 0 0 0 0 1 1 3 

>> Estado: 17
1 1 0 0 0 0 0 0 1 0 
1 1 0 1 1 1 1 1 1 0 
0 1 0 1 0 0 0 0 1 0 
0 1 0 1 0 1 1 1 1 0 
0 1 1 1 0 1 0 0 1 0 
0 1 0 1 0 1 0 1 1 1 
0 1 0 1 0 1 0 1 0 1 
0 1 0 1 0 1 0 1 0 1 
0 1 1 1 1 1 1 1 0 1 
0 0 0 0 0 0 0 2 1 3 

>> Estado: 18
1 1 0 0 0 0 0 0 1 0 
1 1 0 1 1 1 1 1 1 0 
0 1 0 1 0 0 0 0 1 0 
0 1 0 1 0 1 1 1 1 0 
0 1 1 1 0 1 0 0 1 0 
0 1 0 1 0 1 0 1 1 1 
0 1 0 1 0 1 0 1 0 1 
0 1 0 1 0 1 0 1 0 1 
0 1 1 1 1 1 1 1 0 1 
0 0 0 0 0 0 0 1 2 3 

>> Estado: 19
1 1 0 0 0 0 0 0 1 0 
1 1 0 1 1 1 1 1 1 0 
0 1 0 1 0 0 0 0 1 0 
0 1 0 1 0 1 1 1 1 0 
0 1 1 1 0 1 0 0 1 0 
0 1 0 1 0 1 0 1 1 1 
0 1 0 1 0 1 0 1 0 1 
0 1 0 1 0 1 0 1 0 1 
0 1 1 1 1 1 1 1 0 1 
0 0 0 0 0 0 0 1 3 2 

>> Encontrei!
>> Profundidade da meta: 18
>> Total de nos: 19
>> Tempo de execucao: 0.00000 segundos.

=============================================

Teste 3: 
>> Estado: 1
2 1 0 0 0 0 0 0 0 1 
1 1 0 1 1 1 1 0 0 1 
0 1 0 1 0 0 1 0 0 1 
0 1 0 1 0 1 1 1 1 1 
0 1 1 1 0 1 0 0 0 1 
0 1 0 1 0 1 0 1 1 1 
0 1 0 1 0 1 0 1 0 1 
0 1 0 1 0 1 0 1 0 1 
0 1 1 1 1 1 1 1 0 1 
0 0 0 0 0 0 0 1 1 3 

>> Estado: 2
1 1 0 0 0 0 0 0 0 1 
2 1 0 1 1 1 1 0 0 1 
0 1 0 1 0 0 1 0 0 1 
0 1 0 1 0 1 1 1 1 1 
0 1 1 1 0 1 0 0 0 1 
0 1 0 1 0 1 0 1 1 1 
0 1 0 1 0 1 0 1 0 1 
0 1 0 1 0 1 0 1 0 1 
0 1 1 1 1 1 1 1 0 1 
0 0 0 0 0 0 0 1 1 3 

>> Estado: 3
1 1 0 0 0 0 0 0 0 1 
1 2 0 1 1 1 1 0 0 1 
0 1 0 1 0 0 1 0 0 1 
0 1 0 1 0 1 1 1 1 1 
0 1 1 1 0 1 0 0 0 1 
0 1 0 1 0 1 0 1 1 1 
0 1 0 1 0 1 0 1 0 1 
0 1 0 1 0 1 0 1 0 1 
0 1 1 1 1 1 1 1 0 1 
0 0 0 0 0 0 0 1 1 3 

>> Estado: 4
1 1 0 0 0 0 0 0 0 1 
1 1 0 1 1 1 1 0 0 1 
0 2 0 1 0 0 1 0 0 1 
0 1 0 1 0 1 1 1 1 1 
0 1 1 1 0 1 0 0 0 1 
0 1 0 1 0 1 0 1 1 1 
0 1 0 1 0 1 0 1 0 1 
0 1 0 1 0 1 0 1 0 1 
0 1 1 1 1 1 1 1 0 1 
0 0 0 0 0 0 0 1 1 3 

>> Estado: 5
1 1 0 0 0 0 0 0 0 1 
1 1 0 1 1 1 1 0 0 1 
0 1 0 1 0 0 1 0 0 1 
0 2 0 1 0 1 1 1 1 1 
0 1 1 1 0 1 0 0 0 1 
0 1 0 1 0 1 0 1 1 1 
0 1 0 1 0 1 0 1 0 1 
0 1 0 1 0 1 0 1 0 1 
0 1 1 1 1 1 1 1 0 1 
0 0 0 0 0 0 0 1 1 3 

>> Estado: 6
1 1 0 0 0 0 0 0 0 1 
1 1 0 1 1 1 1 0 0 1 
0 1 0 1 0 0 1 0 0 1 
0 1 0 1 0 1 1 1 1 1 
0 2 1 1 0 1 0 0 0 1 
0 1 0 1 0 1 0 1 1 1 
0 1 0 1 0 1 0 1 0 1 
0 1 0 1 0 1 0 1 0 1 
0 1 1 1 1 1 1 1 0 1 
0 0 0 0 0 0 0 1 1 3 

>> Estado: 7
1 1 0 0 0 0 0 0 0 1 
1 1 0 1 1 1 1 0 0 1 
0 1 0 1 0 0 1 0 0 1 
0 1 0 1 0 1 1 1 1 1 
0 1 1 1 0 1 0 0 0 1 
0 2 0 1 0 1 0 1 1 1 
0 1 0 1 0 1 0 1 0 1 
0 1 0 1 0 1 0 1 0 1 
0 1 1 1 1 1 1 1 0 1 
0 0 0 0 0 0 0 1 1 3 

>> Estado: 8
1 1 0 0 0 0 0 0 0 1 
1 1 0 1 1 1 1 0 0 1 
0 1 0 1 0 0 1 0 0 1 
0 1 0 1 0 1 1 1 1 1 
0 1 1 1 0 1 0 0 0 1 
0 1 0 1 0 1 0 1 1 1 
0 2 0 1 0 1 0 1 0 1 
0 1 0 1 0 1 0 1 0 1 
0 1 1 1 1 1 1 1 0 1 
0 0 0 0 0 0 0 1 1 3 

>> Estado: 9
1 1 0 0 0 0 0 0 0 1 
1 1 0 1 1 1 1 0 0 1 
0 1 0 1 0 0 1 0 0 1 
0 1 0 1 0 1 1 1 1 1 
0 1 1 1 0 1 0 0 0 1 
0 1 0 1 0 1 0 1 1 1 
0 1 0 1 0 1 0 1 0 1 
0 2 0 1 0 1 0 1 0 1 
0 1 1 1 1 1 1 1 0 1 
0 0 0 0 0 0 0 1 1 3 

>> Estado: 10
1 1 0 0 0 0 0 0 0 1 
1 1 0 1 1 1 1 0 0 1 
0 1 0 1 0 0 1 0 0 1 
0 1 0 1 0 1 1 1 1 1 
0 1 1 1 0 1 0 0 0 1 
0 1 0 1 0 1 0 1 1 1 
0 1 0 1 0 1 0 1 0 1 
0 1 0 1 0 1 0 1 0 1 
0 2 1 1 1 1 1 1 0 1 
0 0 0 0 0 0 0 1 1 3 

>> Estado: 11
1 1 0 0 0 0 0 0 0 1 
1 1 0 1 1 1 1 0 0 1 
0 1 0 1 0 0 1 0 0 1 
0 1 0 1 0 1 1 1 1 1 
0 1 1 1 0 1 0 0 0 1 
0 1 0 1 0 1 0 1 1 1 
0 1 0 1 0 1 0 1 0 1 
0 1 0 1 0 1 0 1 0 1 
0 1 2 1 1 1 1 1 0 1 
0 0 0 0 0 0 0 1 1 3 

>> Estado: 12
1 1 0 0 0 0 0 0 0 1 
1 1 0 1 1 1 1 0 0 1 
0 1 0 1 0 0 1 0 0 1 
0 1 0 1 0 1 1 1 1 1 
0 1 1 1 0 1 0 0 0 1 
0 1 0 1 0 1 0 1 1 1 
0 1 0 1 0 1 0 1 0 1 
0 1 0 1 0 1 0 1 0 1 
0 1 1 2 1 1 1 1 0 1 
0 0 0 0 0 0 0 1 1 3 

>> Estado: 13
1 1 0 0 0 0 0 0 0 1 
1 1 0 1 1 1 1 0 0 1 
0 1 0 1 0 0 1 0 0 1 
0 1 0 1 0 1 1 1 1 1 
0 1 1 1 0 1 0 0 0 1 
0 1 0 1 0 1 0 1 1 1 
0 1 0 1 0 1 0 1 0 1 
0 1 0 1 0 1 0 1 0 1 
0 1 1 1 2 1 1 1 0 1 
0 0 0 0 0 0 0 1 1 3 

>> Estado: 14
1 1 0 0 0 0 0 0 0 1 
1 1 0 1 1 1 1 0 0 1 
0 1 0 1 0 0 1 0 0 1 
0 1 0 1 0 1 1 1 1 1 
0 1 1 1 0 1 0 0 0 1 
0 1 0 1 0 1 0 1 1 1 
0 1 0 1 0 1 0 1 0 1 
0 1 0 1 0 1 0 1 0 1 
0 1 1 1 1 2 1 1 0 1 
0 0 0 0 0 0 0 1 1 3 

>> Estado: 15
1 1 0 0 0 0 0 0 0 1 
1 1 0 1 1 1 1 0 0 1 
0 1 0 1 0 0 1 0 0 1 
0 1 0 1 0 1 1 1 1 1 
0 1 1 1 0 1 0 0 0 1 
0 1 0 1 0 1 0 1 1 1 
0 1 0 1 0 1 0 1 0 1 
0 1 0 1 0 1 0 1 0 1 
0 1 1 1 1 1 2 1 0 1 
0 0 0 0 0 0 0 1 1 3 

>> Estado: 16
1 1 0 0 0 0 0 0 0 1 
1 1 0 1 1 1 1 0 0 1 
0 1 0 1 0 0 1 0 0 1 
0 1 0 1 0 1 1 1 1 1 
0 1 1 1 0 1 0 0 0 1 
0 1 0 1 0 1 0 1 1 1 
0 1 0 1 0 1 0 1 0 1 
0 1 0 1 0 1 0 1 0 1 
0 1 1 1 1 1 1 2 0 1 
0 0 0 0 0 0 0 1 1 3 

>> Estado: 17
1 1 0 0 0 0 0 0 0 1 
1 1 0 1 1 1 1 0 0 1 
0 1 0 1 0 0 1 0 0 1 
0 1 0 1 0 1 1 1 1 1 
0 1 1 1 0 1 0 0 0 1 
0 1 0 1 0 1 0 1 1 1 
0 1 0 1 0 1 0 1 0 1 
0 1 0 1 0 1 0 1 0 1 
0 1 1 1 1 1 1 1 0 1 
0 0 0 0 0 0 0 2 1 3 

>> Estado: 18
1 1 0 0 0 0 0 0 0 1 
1 1 0 1 1 1 1 0 0 1 
0 1 0 1 0 0 1 0 0 1 
0 1 0 1 0 1 1 1 1 1 
0 1 1 1 0 1 0 0 0 1 
0 1 0 1 0 1 0 1 1 1 
0 1 0 1 0 1 0 1 0 1 
0 1 0 1 0 1 0 1 0 1 
0 1 1 1 1 1 1 1 0 1 
0 0 0 0 0 0 0 1 2 3 

>> Estado: 19
1 1 0 0 0 0 0 0 0 1 
1 1 0 1 1 1 1 0 0 1 
0 1 0 1 0 0 1 0 0 1 
0 1 0 1 0 1 1 1 1 1 
0 1 1 1 0 1 0 0 0 1 
0 1 0 1 0 1 0 1 1 1 
0 1 0 1 0 1 0 1 0 1 
0 1 0 1 0 1 0 1 0 1 
0 1 1 1 1 1 1 1 0 1 
0 0 0 0 0 0 0 1 3 2 

>> Encontrei!
>> Profundidade da meta: 18
>> Total de nos: 19
>> Tempo de execucao: 0.01562 segundos.

=============================================

Teste 4: 
>> Estado: 1
2 1 1 1 0 1 0 0 0 0 
0 0 0 1 1 1 1 1 0 0 
1 1 0 1 0 0 0 1 1 1 
0 1 0 0 0 0 0 0 1 1 
0 1 1 1 0 1 0 0 0 3 
0 0 0 0 0 1 1 1 0 1 
1 1 1 1 0 1 0 1 0 1 
1 0 0 1 1 1 0 1 0 0 
0 1 1 1 0 0 0 1 1 1 
0 0 0 0 0 0 1 1 1 0 

>> Estado: 2
1 2 1 1 0 1 0 0 0 0 
0 0 0 1 1 1 1 1 0 0 
1 1 0 1 0 0 0 1 1 1 
0 1 0 0 0 0 0 0 1 1 
0 1 1 1 0 1 0 0 0 3 
0 0 0 0 0 1 1 1 0 1 
1 1 1 1 0 1 0 1 0 1 
1 0 0 1 1 1 0 1 0 0 
0 1 1 1 0 0 0 1 1 1 
0 0 0 0 0 0 1 1 1 0 

>> Estado: 3
1 1 2 1 0 1 0 0 0 0 
0 0 0 1 1 1 1 1 0 0 
1 1 0 1 0 0 0 1 1 1 
0 1 0 0 0 0 0 0 1 1 
0 1 1 1 0 1 0 0 0 3 
0 0 0 0 0 1 1 1 0 1 
1 1 1 1 0 1 0 1 0 1 
1 0 0 1 1 1 0 1 0 0 
0 1 1 1 0 0 0 1 1 1 
0 0 0 0 0 0 1 1 1 0 

>> Estado: 4
1 1 1 2 0 1 0 0 0 0 
0 0 0 1 1 1 1 1 0 0 
1 1 0 1 0 0 0 1 1 1 
0 1 0 0 0 0 0 0 1 1 
0 1 1 1 0 1 0 0 0 3 
0 0 0 0 0 1 1 1 0 1 
1 1 1 1 0 1 0 1 0 1 
1 0 0 1 1 1 0 1 0 0 
0 1 1 1 0 0 0 1 1 1 
0 0 0 0 0 0 1 1 1 0 

>> Estado: 5
1 1 1 1 0 1 0 0 0 0 
0 0 0 2 1 1 1 1 0 0 
1 1 0 1 0 0 0 1 1 1 
0 1 0 0 0 0 0 0 1 1 
0 1 1 1 0 1 0 0 0 3 
0 0 0 0 0 1 1 1 0 1 
1 1 1 1 0 1 0 1 0 1 
1 0 0 1 1 1 0 1 0 0 
0 1 1 1 0 0 0 1 1 1 
0 0 0 0 0 0 1 1 1 0 

>> Estado: 6
1 1 1 1 0 1 0 0 0 0 
0 0 0 1 1 1 1 1 0 0 
1 1 0 2 0 0 0 1 1 1 
0 1 0 0 0 0 0 0 1 1 
0 1 1 1 0 1 0 0 0 3 
0 0 0 0 0 1 1 1 0 1 
1 1 1 1 0 1 0 1 0 1 
1 0 0 1 1 1 0 1 0 0 
0 1 1 1 0 0 0 1 1 1 
0 0 0 0 0 0 1 1 1 0 

>> Estado: 7
1 1 1 1 0 1 0 0 0 0 
0 0 0 1 2 1 1 1 0 0 
1 1 0 1 0 0 0 1 1 1 
0 1 0 0 0 0 0 0 1 1 
0 1 1 1 0 1 0 0 0 3 
0 0 0 0 0 1 1 1 0 1 
1 1 1 1 0 1 0 1 0 1 
1 0 0 1 1 1 0 1 0 0 
0 1 1 1 0 0 0 1 1 1 
0 0 0 0 0 0 1 1 1 0 

>> Estado: 8
1 1 1 1 0 1 0 0 0 0 
0 0 0 1 1 2 1 1 0 0 
1 1 0 1 0 0 0 1 1 1 
0 1 0 0 0 0 0 0 1 1 
0 1 1 1 0 1 0 0 0 3 
0 0 0 0 0 1 1 1 0 1 
1 1 1 1 0 1 0 1 0 1 
1 0 0 1 1 1 0 1 0 0 
0 1 1 1 0 0 0 1 1 1 
0 0 0 0 0 0 1 1 1 0 

>> Estado: 9
1 1 1 1 0 1 0 0 0 0 
0 0 0 1 1 1 2 1 0 0 
1 1 0 1 0 0 0 1 1 1 
0 1 0 0 0 0 0 0 1 1 
0 1 1 1 0 1 0 0 0 3 
0 0 0 0 0 1 1 1 0 1 
1 1 1 1 0 1 0 1 0 1 
1 0 0 1 1 1 0 1 0 0 
0 1 1 1 0 0 0 1 1 1 
0 0 0 0 0 0 1 1 1 0 

>> Estado: 10
1 1 1 1 0 1 0 0 0 0 
0 0 0 1 1 1 1 2 0 0 
1 1 0 1 0 0 0 1 1 1 
0 1 0 0 0 0 0 0 1 1 
0 1 1 1 0 1 0 0 0 3 
0 0 0 0 0 1 1 1 0 1 
1 1 1 1 0 1 0 1 0 1 
1 0 0 1 1 1 0 1 0 0 
0 1 1 1 0 0 0 1 1 1 
0 0 0 0 0 0 1 1 1 0 

>> Estado: 11
1 1 1 1 0 1 0 0 0 0 
0 0 0 1 1 1 1 1 0 0 
1 1 0 1 0 0 0 2 1 1 
0 1 0 0 0 0 0 0 1 1 
0 1 1 1 0 1 0 0 0 3 
0 0 0 0 0 1 1 1 0 1 
1 1 1 1 0 1 0 1 0 1 
1 0 0 1 1 1 0 1 0 0 
0 1 1 1 0 0 0 1 1 1 
0 0 0 0 0 0 1 1 1 0 

>> Estado: 12
1 1 1 1 0 1 0 0 0 0 
0 0 0 1 1 1 1 1 0 0 
1 1 0 1 0 0 0 1 2 1 
0 1 0 0 0 0 0 0 1 1 
0 1 1 1 0 1 0 0 0 3 
0 0 0 0 0 1 1 1 0 1 
1 1 1 1 0 1 0 1 0 1 
1 0 0 1 1 1 0 1 0 0 
0 1 1 1 0 0 0 1 1 1 
0 0 0 0 0 0 1 1 1 0 

>> Estado: 13
1 1 1 1 0 1 0 0 0 0 
0 0 0 1 1 1 1 1 0 0 
1 1 0 1 0 0 0 1 1 1 
0 1 0 0 0 0 0 0 2 1 
0 1 1 1 0 1 0 0 0 3 
0 0 0 0 0 1 1 1 0 1 
1 1 1 1 0 1 0 1 0 1 
1 0 0 1 1 1 0 1 0 0 
0 1 1 1 0 0 0 1 1 1 
0 0 0 0 0 0 1 1 1 0 

>> Estado: 14
1 1 1 1 0 1 0 0 0 0 
0 0 0 1 1 1 1 1 0 0 
1 1 0 1 0 0 0 1 1 1 
0 1 0 0 0 0 0 0 1 2 
0 1 1 1 0 1 0 0 0 3 
0 0 0 0 0 1 1 1 0 1 
1 1 1 1 0 1 0 1 0 1 
1 0 0 1 1 1 0 1 0 0 
0 1 1 1 0 0 0 1 1 1 
0 0 0 0 0 0 1 1 1 0 

>> Estado: 15
1 1 1 1 0 1 0 0 0 0 
0 0 0 1 1 1 1 1 0 0 
1 1 0 1 0 0 0 1 1 1 
0 1 0 0 0 0 0 0 1 3 
0 1 1 1 0 1 0 0 0 2 
0 0 0 0 0 1 1 1 0 1 
1 1 1 1 0 1 0 1 0 1 
1 0 0 1 1 1 0 1 0 0 
0 1 1 1 0 0 0 1 1 1 
0 0 0 0 0 0 1 1 1 0 

>> Encontrei!
>> Profundidade da meta: 13
>> Total de nos: 15
>> Tempo de execucao: 0.01562 segundos.

=============================================

Teste 5: 
>> Estado: 1
2 1 0 0 0 0 1 1 0 0 
0 1 1 1 1 1 0 0 0 0 
0 1 0 1 0 1 0 1 1 1 
0 1 0 0 0 1 0 0 0 1 
1 1 1 1 1 1 0 0 0 3 
1 1 0 0 0 1 0 1 0 1 
0 0 0 1 1 1 0 1 1 1 
0 1 1 1 0 1 0 0 1 1 
0 0 0 0 0 1 1 1 1 1 
1 1 0 0 1 0 0 0 1 0 

>> Estado: 2
1 2 0 0 0 0 1 1 0 0 
0 1 1 1 1 1 0 0 0 0 
0 1 0 1 0 1 0 1 1 1 
0 1 0 0 0 1 0 0 0 1 
1 1 1 1 1 1 0 0 0 3 
1 1 0 0 0 1 0 1 0 1 
0 0 0 1 1 1 0 1 1 1 
0 1 1 1 0 1 0 0 1 1 
0 0 0 0 0 1 1 1 1 1 
1 1 0 0 1 0 0 0 1 0 

>> Estado: 3
1 1 0 0 0 0 1 1 0 0 
0 2 1 1 1 1 0 0 0 0 
0 1 0 1 0 1 0 1 1 1 
0 1 0 0 0 1 0 0 0 1 
1 1 1 1 1 1 0 0 0 3 
1 1 0 0 0 1 0 1 0 1 
0 0 0 1 1 1 0 1 1 1 
0 1 1 1 0 1 0 0 1 1 
0 0 0 0 0 1 1 1 1 1 
1 1 0 0 1 0 0 0 1 0 

>> Estado: 4
1 1 0 0 0 0 1 1 0 0 
0 1 1 1 1 1 0 0 0 0 
0 2 0 1 0 1 0 1 1 1 
0 1 0 0 0 1 0 0 0 1 
1 1 1 1 1 1 0 0 0 3 
1 1 0 0 0 1 0 1 0 1 
0 0 0 1 1 1 0 1 1 1 
0 1 1 1 0 1 0 0 1 1 
0 0 0 0 0 1 1 1 1 1 
1 1 0 0 1 0 0 0 1 0 

>> Estado: 5
1 1 0 0 0 0 1 1 0 0 
0 1 1 1 1 1 0 0 0 0 
0 1 0 1 0 1 0 1 1 1 
0 2 0 0 0 1 0 0 0 1 
1 1 1 1 1 1 0 0 0 3 
1 1 0 0 0 1 0 1 0 1 
0 0 0 1 1 1 0 1 1 1 
0 1 1 1 0 1 0 0 1 1 
0 0 0 0 0 1 1 1 1 1 
1 1 0 0 1 0 0 0 1 0 

>> Estado: 6
1 1 0 0 0 0 1 1 0 0 
0 1 1 1 1 1 0 0 0 0 
0 1 0 1 0 1 0 1 1 1 
0 1 0 0 0 1 0 0 0 1 
1 2 1 1 1 1 0 0 0 3 
1 1 0 0 0 1 0 1 0 1 
0 0 0 1 1 1 0 1 1 1 
0 1 1 1 0 1 0 0 1 1 
0 0 0 0 0 1 1 1 1 1 
1 1 0 0 1 0 0 0 1 0 

>> Estado: 7
1 1 0 0 0 0 1 1 0 0 
0 1 1 1 1 1 0 0 0 0 
0 1 0 1 0 1 0 1 1 1 
0 1 0 0 0 1 0 0 0 1 
1 1 2 1 1 1 0 0 0 3 
1 1 0 0 0 1 0 1 0 1 
0 0 0 1 1 1 0 1 1 1 
0 1 1 1 0 1 0 0 1 1 
0 0 0 0 0 1 1 1 1 1 
1 1 0 0 1 0 0 0 1 0 

>> Estado: 8
1 1 0 0 0 0 1 1 0 0 
0 1 1 1 1 1 0 0 0 0 
0 1 0 1 0 1 0 1 1 1 
0 1 0 0 0 1 0 0 0 1 
1 1 1 2 1 1 0 0 0 3 
1 1 0 0 0 1 0 1 0 1 
0 0 0 1 1 1 0 1 1 1 
0 1 1 1 0 1 0 0 1 1 
0 0 0 0 0 1 1 1 1 1 
1 1 0 0 1 0 0 0 1 0 

>> Estado: 9
1 1 0 0 0 0 1 1 0 0 
0 1 1 1 1 1 0 0 0 0 
0 1 0 1 0 1 0 1 1 1 
0 1 0 0 0 1 0 0 0 1 
1 1 1 1 2 1 0 0 0 3 
1 1 0 0 0 1 0 1 0 1 
0 0 0 1 1 1 0 1 1 1 
0 1 1 1 0 1 0 0 1 1 
0 0 0 0 0 1 1 1 1 1 
1 1 0 0 1 0 0 0 1 0 

>> Estado: 10
1 1 0 0 0 0 1 1 0 0 
0 1 1 1 1 1 0 0 0 0 
0 1 0 1 0 1 0 1 1 1 
0 1 0 0 0 1 0 0 0 1 
1 1 1 1 1 2 0 0 0 3 
1 1 0 0 0 1 0 1 0 1 
0 0 0 1 1 1 0 1 1 1 
0 1 1 1 0 1 0 0 1 1 
0 0 0 0 0 1 1 1 1 1 
1 1 0 0 1 0 0 0 1 0 

>> Estado: 11
1 1 0 0 0 0 1 1 0 0 
0 1 1 1 1 1 0 0 0 0 
0 1 0 1 0 1 0 1 1 1 
0 1 0 0 0 2 0 0 0 1 
1 1 1 1 1 1 0 0 0 3 
1 1 0 0 0 1 0 1 0 1 
0 0 0 1 1 1 0 1 1 1 
0 1 1 1 0 1 0 0 1 1 
0 0 0 0 0 1 1 1 1 1 
1 1 0 0 1 0 0 0 1 0 

>> Estado: 12
1 1 0 0 0 0 1 1 0 0 
0 1 1 1 1 1 0 0 0 0 
0 1 0 1 0 1 0 1 1 1 
0 1 0 0 0 1 0 0 0 1 
1 1 1 1 1 1 0 0 0 3 
1 1 0 0 0 2 0 1 0 1 
0 0 0 1 1 1 0 1 1 1 
0 1 1 1 0 1 0 0 1 1 
0 0 0 0 0 1 1 1 1 1 
1 1 0 0 1 0 0 0 1 0 

>> Estado: 13
1 1 0 0 0 0 1 1 0 0 
0 1 1 1 1 1 0 0 0 0 
0 1 0 1 0 2 0 1 1 1 
0 1 0 0 0 1 0 0 0 1 
1 1 1 1 1 1 0 0 0 3 
1 1 0 0 0 1 0 1 0 1 
0 0 0 1 1 1 0 1 1 1 
0 1 1 1 0 1 0 0 1 1 
0 0 0 0 0 1 1 1 1 1 
1 1 0 0 1 0 0 0 1 0 

>> Estado: 14
1 1 0 0 0 0 1 1 0 0 
0 1 1 1 1 1 0 0 0 0 
0 1 0 1 0 1 0 1 1 1 
0 1 0 0 0 1 0 0 0 1 
1 1 1 1 1 1 0 0 0 3 
1 1 0 0 0 1 0 1 0 1 
0 0 0 1 1 2 0 1 1 1 
0 1 1 1 0 1 0 0 1 1 
0 0 0 0 0 1 1 1 1 1 
1 1 0 0 1 0 0 0 1 0 

>> Estado: 15
1 1 0 0 0 0 1 1 0 0 
0 1 1 1 1 2 0 0 0 0 
0 1 0 1 0 1 0 1 1 1 
0 1 0 0 0 1 0 0 0 1 
1 1 1 1 1 1 0 0 0 3 
1 1 0 0 0 1 0 1 0 1 
0 0 0 1 1 1 0 1 1 1 
0 1 1 1 0 1 0 0 1 1 
0 0 0 0 0 1 1 1 1 1 
1 1 0 0 1 0 0 0 1 0 

>> Estado: 16
1 1 0 0 0 0 1 1 0 0 
0 1 1 1 1 1 0 0 0 0 
0 1 0 1 0 1 0 1 1 1 
0 1 0 0 0 1 0 0 0 1 
1 1 1 1 1 1 0 0 0 3 
1 1 0 0 0 1 0 1 0 1 
0 0 0 1 2 1 0 1 1 1 
0 1 1 1 0 1 0 0 1 1 
0 0 0 0 0 1 1 1 1 1 
1 1 0 0 1 0 0 0 1 0 

>> Estado: 17
1 1 0 0 0 0 1 1 0 0 
0 1 1 1 1 1 0 0 0 0 
0 1 0 1 0 1 0 1 1 1 
0 1 0 0 0 1 0 0 0 1 
1 1 1 1 1 1 0 0 0 3 
1 1 0 0 0 1 0 1 0 1 
0 0 0 1 1 1 0 1 1 1 
0 1 1 1 0 2 0 0 1 1 
0 0 0 0 0 1 1 1 1 1 
1 1 0 0 1 0 0 0 1 0 

>> Estado: 18
1 1 0 0 0 0 1 1 0 0 
0 1 1 1 2 1 0 0 0 0 
0 1 0 1 0 1 0 1 1 1 
0 1 0 0 0 1 0 0 0 1 
1 1 1 1 1 1 0 0 0 3 
1 1 0 0 0 1 0 1 0 1 
0 0 0 1 1 1 0 1 1 1 
0 1 1 1 0 1 0 0 1 1 
0 0 0 0 0 1 1 1 1 1 
1 1 0 0 1 0 0 0 1 0 

>> Estado: 19
1 1 0 0 0 0 1 1 0 0 
0 1 1 1 1 1 0 0 0 0 
0 1 0 1 0 1 0 1 1 1 
0 1 0 0 0 1 0 0 0 1 
1 1 1 1 1 1 0 0 0 3 
1 1 0 0 0 1 0 1 0 1 
0 0 0 2 1 1 0 1 1 1 
0 1 1 1 0 1 0 0 1 1 
0 0 0 0 0 1 1 1 1 1 
1 1 0 0 1 0 0 0 1 0 

>> Estado: 20
1 1 0 0 0 0 1 1 0 0 
0 1 1 1 1 1 0 0 0 0 
0 1 0 1 0 1 0 1 1 1 
0 1 0 0 0 1 0 0 0 1 
1 1 1 1 1 1 0 0 0 3 
1 1 0 0 0 1 0 1 0 1 
0 0 0 1 1 1 0 1 1 1 
0 1 1 1 0 1 0 0 1 1 
0 0 0 0 0 2 1 1 1 1 
1 1 0 0 1 0 0 0 1 0 

>> Estado: 21
1 1 0 0 0 0 1 1 0 0 
0 1 1 1 1 1 0 0 0 0 
0 1 0 1 0 1 0 1 1 1 
0 1 0 0 0 1 0 0 0 1 
1 1 1 1 1 1 0 0 0 3 
1 1 0 0 0 1 0 1 0 1 
0 0 0 1 1 1 0 1 1 1 
0 1 1 1 0 1 0 0 1 1 
0 0 0 0 0 1 2 1 1 1 
1 1 0 0 1 0 0 0 1 0 

>> Estado: 22
1 1 0 0 0 0 1 1 0 0 
0 1 1 1 1 1 0 0 0 0 
0 1 0 1 0 1 0 1 1 1 
0 1 0 0 0 1 0 0 0 1 
1 1 1 1 1 1 0 0 0 3 
1 1 0 0 0 1 0 1 0 1 
0 0 0 1 1 1 0 1 1 1 
0 1 1 1 0 1 0 0 1 1 
0 0 0 0 0 1 1 2 1 1 
1 1 0 0 1 0 0 0 1 0 

>> Estado: 23
1 1 0 0 0 0 1 1 0 0 
0 1 1 1 1 1 0 0 0 0 
0 1 0 1 0 1 0 1 1 1 
0 1 0 0 0 1 0 0 0 1 
1 1 1 1 1 1 0 0 0 3 
1 1 0 0 0 1 0 1 0 1 
0 0 0 1 1 1 0 1 1 1 
0 1 1 1 0 1 0 0 1 1 
0 0 0 0 0 1 1 1 2 1 
1 1 0 0 1 0 0 0 1 0 

>> Estado: 24
1 1 0 0 0 0 1 1 0 0 
0 1 1 1 1 1 0 0 0 0 
0 1 0 1 0 1 0 1 1 1 
0 1 0 0 0 1 0 0 0 1 
1 1 1 1 1 1 0 0 0 3 
1 1 0 0 0 1 0 1 0 1 
0 0 0 1 1 1 0 1 1 1 
0 1 1 1 0 1 0 0 2 1 
0 0 0 0 0 1 1 1 1 1 
1 1 0 0 1 0 0 0 1 0 

>> Estado: 25
1 1 0 0 0 0 1 1 0 0 
0 1 1 1 1 1 0 0 0 0 
0 1 0 1 0 1 0 1 1 1 
0 1 0 0 0 1 0 0 0 1 
1 1 1 1 1 1 0 0 0 3 
1 1 0 0 0 1 0 1 0 1 
0 0 0 1 1 1 0 1 2 1 
0 1 1 1 0 1 0 0 1 1 
0 0 0 0 0 1 1 1 1 1 
1 1 0 0 1 0 0 0 1 0 

>> Estado: 26
1 1 0 0 0 0 1 1 0 0 
0 1 1 1 1 1 0 0 0 0 
0 1 0 1 0 1 0 1 1 1 
0 1 0 0 0 1 0 0 0 1 
1 1 1 1 1 1 0 0 0 3 
1 1 0 0 0 1 0 1 0 1 
0 0 0 1 1 1 0 1 1 2 
0 1 1 1 0 1 0 0 1 1 
0 0 0 0 0 1 1 1 1 1 
1 1 0 0 1 0 0 0 1 0 

>> Estado: 27
1 1 0 0 0 0 1 1 0 0 
0 1 1 1 1 1 0 0 0 0 
0 1 0 1 0 1 0 1 1 1 
0 1 0 0 0 1 0 0 0 1 
1 1 1 1 1 1 0 0 0 3 
1 1 0 0 0 1 0 1 0 2 
0 0 0 1 1 1 0 1 1 1 
0 1 1 1 0 1 0 0 1 1 
0 0 0 0 0 1 1 1 1 1 
1 1 0 0 1 0 0 0 1 0 

>> Estado: 28
1 1 0 0 0 0 1 1 0 0 
0 1 1 1 1 1 0 0 0 0 
0 1 0 1 0 1 0 1 1 1 
0 1 0 0 0 1 0 0 0 1 
1 1 1 1 1 1 0 0 0 2 
1 1 0 0 0 1 0 1 0 3 
0 0 0 1 1 1 0 1 1 1 
0 1 1 1 0 1 0 0 1 1 
0 0 0 0 0 1 1 1 1 1 
1 1 0 0 1 0 0 0 1 0 

>> Encontrei!
>> Profundidade da meta: 21
>> Total de nos: 28
>> Tempo de execucao: 0.01562 segundos.

=============================================

Teste 6: 
>> Estado: 1
2 1 1 1 1 0 0 0 0 0 
0 1 0 0 1 0 0 0 1 0 
1 1 0 1 1 1 1 0 1 1 
1 0 0 0 1 0 0 0 1 1 
1 0 1 1 1 1 0 0 0 3 
1 0 0 0 0 1 1 1 1 1 
1 1 1 1 1 1 0 0 1 0 
0 1 0 0 0 0 0 1 1 1 
1 1 1 1 1 1 1 1 1 0 
0 0 0 0 0 0 0 1 1 1 

>> Estado: 2
1 2 1 1 1 0 0 0 0 0 
0 1 0 0 1 0 0 0 1 0 
1 1 0 1 1 1 1 0 1 1 
1 0 0 0 1 0 0 0 1 1 
1 0 1 1 1 1 0 0 0 3 
1 0 0 0 0 1 1 1 1 1 
1 1 1 1 1 1 0 0 1 0 
0 1 0 0 0 0 0 1 1 1 
1 1 1 1 1 1 1 1 1 0 
0 0 0 0 0 0 0 1 1 1 

>> Estado: 3
1 1 1 1 1 0 0 0 0 0 
0 2 0 0 1 0 0 0 1 0 
1 1 0 1 1 1 1 0 1 1 
1 0 0 0 1 0 0 0 1 1 
1 0 1 1 1 1 0 0 0 3 
1 0 0 0 0 1 1 1 1 1 
1 1 1 1 1 1 0 0 1 0 
0 1 0 0 0 0 0 1 1 1 
1 1 1 1 1 1 1 1 1 0 
0 0 0 0 0 0 0 1 1 1 

>> Estado: 4
1 1 1 1 1 0 0 0 0 0 
0 1 0 0 1 0 0 0 1 0 
1 2 0 1 1 1 1 0 1 1 
1 0 0 0 1 0 0 0 1 1 
1 0 1 1 1 1 0 0 0 3 
1 0 0 0 0 1 1 1 1 1 
1 1 1 1 1 1 0 0 1 0 
0 1 0 0 0 0 0 1 1 1 
1 1 1 1 1 1 1 1 1 0 
0 0 0 0 0 0 0 1 1 1 

>> Estado: 5
1 1 2 1 1 0 0 0 0 0 
0 1 0 0 1 0 0 0 1 0 
1 1 0 1 1 1 1 0 1 1 
1 0 0 0 1 0 0 0 1 1 
1 0 1 1 1 1 0 0 0 3 
1 0 0 0 0 1 1 1 1 1 
1 1 1 1 1 1 0 0 1 0 
0 1 0 0 0 0 0 1 1 1 
1 1 1 1 1 1 1 1 1 0 
0 0 0 0 0 0 0 1 1 1 

>> Estado: 6
1 1 1 2 1 0 0 0 0 0 
0 1 0 0 1 0 0 0 1 0 
1 1 0 1 1 1 1 0 1 1 
1 0 0 0 1 0 0 0 1 1 
1 0 1 1 1 1 0 0 0 3 
1 0 0 0 0 1 1 1 1 1 
1 1 1 1 1 1 0 0 1 0 
0 1 0 0 0 0 0 1 1 1 
1 1 1 1 1 1 1 1 1 0 
0 0 0 0 0 0 0 1 1 1 

>> Estado: 7
1 1 1 1 2 0 0 0 0 0 
0 1 0 0 1 0 0 0 1 0 
1 1 0 1 1 1 1 0 1 1 
1 0 0 0 1 0 0 0 1 1 
1 0 1 1 1 1 0 0 0 3 
1 0 0 0 0 1 1 1 1 1 
1 1 1 1 1 1 0 0 1 0 
0 1 0 0 0 0 0 1 1 1 
1 1 1 1 1 1 1 1 1 0 
0 0 0 0 0 0 0 1 1 1 

>> Estado: 8
1 1 1 1 1 0 0 0 0 0 
0 1 0 0 2 0 0 0 1 0 
1 1 0 1 1 1 1 0 1 1 
1 0 0 0 1 0 0 0 1 1 
1 0 1 1 1 1 0 0 0 3 
1 0 0 0 0 1 1 1 1 1 
1 1 1 1 1 1 0 0 1 0 
0 1 0 0 0 0 0 1 1 1 
1 1 1 1 1 1 1 1 1 0 
0 0 0 0 0 0 0 1 1 1 

>> Estado: 9
1 1 1 1 1 0 0 0 0 0 
0 1 0 0 1 0 0 0 1 0 
1 1 0 1 2 1 1 0 1 1 
1 0 0 0 1 0 0 0 1 1 
1 0 1 1 1 1 0 0 0 3 
1 0 0 0 0 1 1 1 1 1 
1 1 1 1 1 1 0 0 1 0 
0 1 0 0 0 0 0 1 1 1 
1 1 1 1 1 1 1 1 1 0 
0 0 0 0 0 0 0 1 1 1 

>> Estado: 10
1 1 1 1 1 0 0 0 0 0 
0 1 0 0 1 0 0 0 1 0 
1 1 0 1 1 1 1 0 1 1 
1 0 0 0 2 0 0 0 1 1 
1 0 1 1 1 1 0 0 0 3 
1 0 0 0 0 1 1 1 1 1 
1 1 1 1 1 1 0 0 1 0 
0 1 0 0 0 0 0 1 1 1 
1 1 1 1 1 1 1 1 1 0 
0 0 0 0 0 0 0 1 1 1 

>> Estado: 11
1 1 1 1 1 0 0 0 0 0 
0 1 0 0 1 0 0 0 1 0 
1 1 0 1 1 1 1 0 1 1 
1 0 0 0 1 0 0 0 1 1 
1 0 1 1 2 1 0 0 0 3 
1 0 0 0 0 1 1 1 1 1 
1 1 1 1 1 1 0 0 1 0 
0 1 0 0 0 0 0 1 1 1 
1 1 1 1 1 1 1 1 1 0 
0 0 0 0 0 0 0 1 1 1 

>> Estado: 12
1 1 1 1 1 0 0 0 0 0 
0 1 0 0 1 0 0 0 1 0 
1 1 0 1 1 1 1 0 1 1 
1 0 0 0 1 0 0 0 1 1 
1 0 1 1 1 2 0 0 0 3 
1 0 0 0 0 1 1 1 1 1 
1 1 1 1 1 1 0 0 1 0 
0 1 0 0 0 0 0 1 1 1 
1 1 1 1 1 1 1 1 1 0 
0 0 0 0 0 0 0 1 1 1 

>> Estado: 13
1 1 1 1 1 0 0 0 0 0 
0 1 0 0 1 0 0 0 1 0 
1 1 0 1 1 1 1 0 1 1 
1 0 0 0 1 0 0 0 1 1 
1 0 1 1 1 1 0 0 0 3 
1 0 0 0 0 2 1 1 1 1 
1 1 1 1 1 1 0 0 1 0 
0 1 0 0 0 0 0 1 1 1 
1 1 1 1 1 1 1 1 1 0 
0 0 0 0 0 0 0 1 1 1 

>> Estado: 14
1 1 1 1 1 0 0 0 0 0 
0 1 0 0 1 0 0 0 1 0 
1 1 0 1 1 1 1 0 1 1 
1 0 0 0 1 0 0 0 1 1 
1 0 1 1 1 1 0 0 0 3 
1 0 0 0 0 1 2 1 1 1 
1 1 1 1 1 1 0 0 1 0 
0 1 0 0 0 0 0 1 1 1 
1 1 1 1 1 1 1 1 1 0 
0 0 0 0 0 0 0 1 1 1 

>> Estado: 15
1 1 1 1 1 0 0 0 0 0 
0 1 0 0 1 0 0 0 1 0 
1 1 0 1 1 1 1 0 1 1 
1 0 0 0 1 0 0 0 1 1 
1 0 1 1 1 1 0 0 0 3 
1 0 0 0 0 1 1 2 1 1 
1 1 1 1 1 1 0 0 1 0 
0 1 0 0 0 0 0 1 1 1 
1 1 1 1 1 1 1 1 1 0 
0 0 0 0 0 0 0 1 1 1 

>> Estado: 16
1 1 1 1 1 0 0 0 0 0 
0 1 0 0 1 0 0 0 1 0 
1 1 0 1 1 1 1 0 1 1 
1 0 0 0 1 0 0 0 1 1 
1 0 1 1 1 1 0 0 0 3 
1 0 0 0 0 1 1 1 2 1 
1 1 1 1 1 1 0 0 1 0 
0 1 0 0 0 0 0 1 1 1 
1 1 1 1 1 1 1 1 1 0 
0 0 0 0 0 0 0 1 1 1 

>> Estado: 17
1 1 1 1 1 0 0 0 0 0 
0 1 0 0 1 0 0 0 1 0 
1 1 0 1 1 1 1 0 1 1 
1 0 0 0 1 0 0 0 1 1 
1 0 1 1 1 1 0 0 0 3 
1 0 0 0 0 1 1 1 1 2 
1 1 1 1 1 1 0 0 1 0 
0 1 0 0 0 0 0 1 1 1 
1 1 1 1 1 1 1 1 1 0 
0 0 0 0 0 0 0 1 1 1 

>> Estado: 18
1 1 1 1 1 0 0 0 0 0 
0 1 0 0 1 0 0 0 1 0 
1 1 0 1 1 1 1 0 1 1 
1 0 0 0 1 0 0 0 1 1 
1 0 1 1 1 1 0 0 0 2 
1 0 0 0 0 1 1 1 1 3 
1 1 1 1 1 1 0 0 1 0 
0 1 0 0 0 0 0 1 1 1 
1 1 1 1 1 1 1 1 1 0 
0 0 0 0 0 0 0 1 1 1 

>> Encontrei!
>> Profundidade da meta: 15
>> Total de nos: 18
>> Tempo de execucao: 0.03125 segundos.
