Teste 1: 
>> Estado: 0
2 0 0 1 1 0 0 
1 1 0 1 1 1 1 
1 1 0 0 0 0 0 
0 1 0 1 1 1 0 
1 1 1 1 0 0 0 
0 0 0 1 1 1 1 
0 0 0 1 0 0 3 

>> Profundidade max (0) atingida!
>> Atualizando profundidade...

>> Estado: 0
2 0 0 1 1 0 0 
1 1 0 1 1 1 1 
1 1 0 0 0 0 0 
0 1 0 1 1 1 0 
1 1 1 1 0 0 0 
0 0 0 1 1 1 1 
0 0 0 1 0 0 3 

>> Estado: 1
1 0 0 1 1 0 0 
2 1 0 1 1 1 1 
1 1 0 0 0 0 0 
0 1 0 1 1 1 0 
1 1 1 1 0 0 0 
0 0 0 1 1 1 1 
0 0 0 1 0 0 3 

>> Estado: 2
1 0 0 1 1 0 0 
1 1 0 1 1 1 1 
2 1 0 0 0 0 0 
0 1 0 1 1 1 0 
1 1 1 1 0 0 0 
0 0 0 1 1 1 1 
0 0 0 1 0 0 3 

>> Estado: 3
1 0 0 1 1 0 0 
1 1 0 1 1 1 1 
1 2 0 0 0 0 0 
0 1 0 1 1 1 0 
1 1 1 1 0 0 0 
0 0 0 1 1 1 1 
0 0 0 1 0 0 3 

>> Estado: 4
1 0 0 1 1 0 0 
1 2 0 1 1 1 1 
1 1 0 0 0 0 0 
0 1 0 1 1 1 0 
1 1 1 1 0 0 0 
0 0 0 1 1 1 1 
0 0 0 1 0 0 3 

>> Estado: 5
1 0 0 1 1 0 0 
1 1 0 1 1 1 1 
1 1 0 0 0 0 0 
0 2 0 1 1 1 0 
1 1 1 1 0 0 0 
0 0 0 1 1 1 1 
0 0 0 1 0 0 3 

>> Estado: 6
1 0 0 1 1 0 0 
1 1 0 1 1 1 1 
1 1 0 0 0 0 0 
0 1 0 1 1 1 0 
1 2 1 1 0 0 0 
0 0 0 1 1 1 1 
0 0 0 1 0 0 3 

>> Profundidade max (5) atingida!
>> Atualizando profundidade...

>> Estado: 0
2 0 0 1 1 0 0 
1 1 0 1 1 1 1 
1 1 0 0 0 0 0 
0 1 0 1 1 1 0 
1 1 1 1 0 0 0 
0 0 0 1 1 1 1 
0 0 0 1 0 0 3 

>> Estado: 1
1 0 0 1 1 0 0 
2 1 0 1 1 1 1 
1 1 0 0 0 0 0 
0 1 0 1 1 1 0 
1 1 1 1 0 0 0 
0 0 0 1 1 1 1 
0 0 0 1 0 0 3 

>> Estado: 2
1 0 0 1 1 0 0 
1 1 0 1 1 1 1 
2 1 0 0 0 0 0 
0 1 0 1 1 1 0 
1 1 1 1 0 0 0 
0 0 0 1 1 1 1 
0 0 0 1 0 0 3 

>> Estado: 3
1 0 0 1 1 0 0 
1 1 0 1 1 1 1 
1 2 0 0 0 0 0 
0 1 0 1 1 1 0 
1 1 1 1 0 0 0 
0 0 0 1 1 1 1 
0 0 0 1 0 0 3 

>> Estado: 4
1 0 0 1 1 0 0 
1 2 0 1 1 1 1 
1 1 0 0 0 0 0 
0 1 0 1 1 1 0 
1 1 1 1 0 0 0 
0 0 0 1 1 1 1 
0 0 0 1 0 0 3 

>> Estado: 5
1 0 0 1 1 0 0 
1 1 0 1 1 1 1 
1 1 0 0 0 0 0 
0 2 0 1 1 1 0 
1 1 1 1 0 0 0 
0 0 0 1 1 1 1 
0 0 0 1 0 0 3 

>> Estado: 6
1 0 0 1 1 0 0 
1 1 0 1 1 1 1 
1 1 0 0 0 0 0 
0 1 0 1 1 1 0 
1 2 1 1 0 0 0 
0 0 0 1 1 1 1 
0 0 0 1 0 0 3 

>> Estado: 7
1 0 0 1 1 0 0 
1 1 0 1 1 1 1 
1 1 0 0 0 0 0 
0 1 0 1 1 1 0 
2 1 1 1 0 0 0 
0 0 0 1 1 1 1 
0 0 0 1 0 0 3 

>> Estado: 8
1 0 0 1 1 0 0 
1 1 0 1 1 1 1 
1 1 0 0 0 0 0 
0 1 0 1 1 1 0 
1 1 2 1 0 0 0 
0 0 0 1 1 1 1 
0 0 0 1 0 0 3 

>> Estado: 9
1 0 0 1 1 0 0 
1 1 0 1 1 1 1 
1 1 0 0 0 0 0 
0 1 0 1 1 1 0 
1 1 1 2 0 0 0 
0 0 0 1 1 1 1 
0 0 0 1 0 0 3 

>> Estado: 10
1 0 0 1 1 0 0 
1 1 0 1 1 1 1 
1 1 0 0 0 0 0 
0 1 0 2 1 1 0 
1 1 1 1 0 0 0 
0 0 0 1 1 1 1 
0 0 0 1 0 0 3 

>> Estado: 11
1 0 0 1 1 0 0 
1 1 0 1 1 1 1 
1 1 0 0 0 0 0 
0 1 0 1 2 1 0 
1 1 1 1 0 0 0 
0 0 0 1 1 1 1 
0 0 0 1 0 0 3 

>> Estado: 12
1 0 0 1 1 0 0 
1 1 0 1 1 1 1 
1 1 0 0 0 0 0 
0 1 0 1 1 2 0 
1 1 1 1 0 0 0 
0 0 0 1 1 1 1 
0 0 0 1 0 0 3 

>> Estado: 13
1 0 0 1 1 0 0 
1 1 0 1 1 1 1 
1 1 0 0 0 0 0 
0 1 0 1 1 1 0 
1 1 1 1 0 0 0 
0 0 0 2 1 1 1 
0 0 0 1 0 0 3 

>> Estado: 14
1 0 0 1 1 0 0 
1 1 0 1 1 1 1 
1 1 0 0 0 0 0 
0 1 0 1 1 1 0 
1 1 1 1 0 0 0 
0 0 0 1 1 1 1 
0 0 0 2 0 0 3 

>> Estado: 15
1 0 0 1 1 0 0 
1 1 0 1 1 1 1 
1 1 0 0 0 0 0 
0 1 0 1 1 1 0 
1 1 1 1 0 0 0 
0 0 0 1 2 1 1 
0 0 0 1 0 0 3 

>> Estado: 16
1 0 0 1 1 0 0 
1 1 0 1 1 1 1 
1 1 0 0 0 0 0 
0 1 0 1 1 1 0 
1 1 1 1 0 0 0 
0 0 0 1 1 2 1 
0 0 0 1 0 0 3 

>> Profundidade max (10) atingida!
>> Atualizando profundidade...

>> Estado: 0
2 0 0 1 1 0 0 
1 1 0 1 1 1 1 
1 1 0 0 0 0 0 
0 1 0 1 1 1 0 
1 1 1 1 0 0 0 
0 0 0 1 1 1 1 
0 0 0 1 0 0 3 

>> Estado: 1
1 0 0 1 1 0 0 
2 1 0 1 1 1 1 
1 1 0 0 0 0 0 
0 1 0 1 1 1 0 
1 1 1 1 0 0 0 
0 0 0 1 1 1 1 
0 0 0 1 0 0 3 

>> Estado: 2
1 0 0 1 1 0 0 
1 1 0 1 1 1 1 
2 1 0 0 0 0 0 
0 1 0 1 1 1 0 
1 1 1 1 0 0 0 
0 0 0 1 1 1 1 
0 0 0 1 0 0 3 

>> Estado: 3
1 0 0 1 1 0 0 
1 1 0 1 1 1 1 
1 2 0 0 0 0 0 
0 1 0 1 1 1 0 
1 1 1 1 0 0 0 
0 0 0 1 1 1 1 
0 0 0 1 0 0 3 

>> Estado: 4
1 0 0 1 1 0 0 
1 2 0 1 1 1 1 
1 1 0 0 0 0 0 
0 1 0 1 1 1 0 
1 1 1 1 0 0 0 
0 0 0 1 1 1 1 
0 0 0 1 0 0 3 

>> Estado: 5
1 0 0 1 1 0 0 
1 1 0 1 1 1 1 
1 1 0 0 0 0 0 
0 2 0 1 1 1 0 
1 1 1 1 0 0 0 
0 0 0 1 1 1 1 
0 0 0 1 0 0 3 

>> Estado: 6
1 0 0 1 1 0 0 
1 1 0 1 1 1 1 
1 1 0 0 0 0 0 
0 1 0 1 1 1 0 
1 2 1 1 0 0 0 
0 0 0 1 1 1 1 
0 0 0 1 0 0 3 

>> Estado: 7
1 0 0 1 1 0 0 
1 1 0 1 1 1 1 
1 1 0 0 0 0 0 
0 1 0 1 1 1 0 
2 1 1 1 0 0 0 
0 0 0 1 1 1 1 
0 0 0 1 0 0 3 

>> Estado: 8
1 0 0 1 1 0 0 
1 1 0 1 1 1 1 
1 1 0 0 0 0 0 
0 1 0 1 1 1 0 
1 1 2 1 0 0 0 
0 0 0 1 1 1 1 
0 0 0 1 0 0 3 

>> Estado: 9
1 0 0 1 1 0 0 
1 1 0 1 1 1 1 
1 1 0 0 0 0 0 
0 1 0 1 1 1 0 
1 1 1 2 0 0 0 
0 0 0 1 1 1 1 
0 0 0 1 0 0 3 

>> Estado: 10
1 0 0 1 1 0 0 
1 1 0 1 1 1 1 
1 1 0 0 0 0 0 
0 1 0 2 1 1 0 
1 1 1 1 0 0 0 
0 0 0 1 1 1 1 
0 0 0 1 0 0 3 

>> Estado: 11
1 0 0 1 1 0 0 
1 1 0 1 1 1 1 
1 1 0 0 0 0 0 
0 1 0 1 2 1 0 
1 1 1 1 0 0 0 
0 0 0 1 1 1 1 
0 0 0 1 0 0 3 

>> Estado: 12
1 0 0 1 1 0 0 
1 1 0 1 1 1 1 
1 1 0 0 0 0 0 
0 1 0 1 1 2 0 
1 1 1 1 0 0 0 
0 0 0 1 1 1 1 
0 0 0 1 0 0 3 

>> Estado: 13
1 0 0 1 1 0 0 
1 1 0 1 1 1 1 
1 1 0 0 0 0 0 
0 1 0 1 1 1 0 
1 1 1 1 0 0 0 
0 0 0 2 1 1 1 
0 0 0 1 0 0 3 

>> Estado: 14
1 0 0 1 1 0 0 
1 1 0 1 1 1 1 
1 1 0 0 0 0 0 
0 1 0 1 1 1 0 
1 1 1 1 0 0 0 
0 0 0 1 1 1 1 
0 0 0 2 0 0 3 

>> Estado: 15
1 0 0 1 1 0 0 
1 1 0 1 1 1 1 
1 1 0 0 0 0 0 
0 1 0 1 1 1 0 
1 1 1 1 0 0 0 
0 0 0 1 2 1 1 
0 0 0 1 0 0 3 

>> Estado: 16
1 0 0 1 1 0 0 
1 1 0 1 1 1 1 
1 1 0 0 0 0 0 
0 1 0 1 1 1 0 
1 1 1 1 0 0 0 
0 0 0 1 1 2 1 
0 0 0 1 0 0 3 

>> Estado: 17
1 0 0 1 1 0 0 
1 1 0 1 1 1 1 
1 1 0 0 0 0 0 
0 1 0 1 1 1 0 
1 1 1 1 0 0 0 
0 0 0 1 1 1 2 
0 0 0 1 0 0 3 

>> Estado: 18
1 0 0 1 1 0 0 
1 1 0 1 1 1 1 
1 1 0 0 0 0 0 
0 1 0 1 1 1 0 
1 1 1 1 0 0 0 
0 0 0 1 1 1 3 
0 0 0 1 0 0 2 

>> Encontrei!
>> Profundidade da meta: 12
>> Total de nos: 19

=============================================

Teste 2: 
>> Estado: 0
1 1 0 0 0 1 0 
1 1 1 1 0 1 0 
0 0 0 0 0 1 0 
1 1 1 1 1 1 1 
0 0 0 1 0 0 1 
2 0 0 1 0 0 3 
0 0 0 0 0 0 0 

>> Nao encontrei!
>> Total de nos: 1

=============================================

Teste 3: 
>> Estado: 0
2 0 1 0 0 1 0 
1 1 1 1 1 1 1 
1 0 0 0 0 0 1 
1 1 1 1 1 0 1 
0 0 0 0 1 0 1 
1 1 0 1 1 0 1 
0 0 0 1 0 0 3 

>> Profundidade max (0) atingida!
>> Atualizando profundidade...

>> Estado: 0
2 0 1 0 0 1 0 
1 1 1 1 1 1 1 
1 0 0 0 0 0 1 
1 1 1 1 1 0 1 
0 0 0 0 1 0 1 
1 1 0 1 1 0 1 
0 0 0 1 0 0 3 

>> Estado: 1
1 0 1 0 0 1 0 
2 1 1 1 1 1 1 
1 0 0 0 0 0 1 
1 1 1 1 1 0 1 
0 0 0 0 1 0 1 
1 1 0 1 1 0 1 
0 0 0 1 0 0 3 

>> Estado: 2
1 0 1 0 0 1 0 
1 1 1 1 1 1 1 
2 0 0 0 0 0 1 
1 1 1 1 1 0 1 
0 0 0 0 1 0 1 
1 1 0 1 1 0 1 
0 0 0 1 0 0 3 

>> Estado: 3
1 0 1 0 0 1 0 
1 1 1 1 1 1 1 
1 0 0 0 0 0 1 
2 1 1 1 1 0 1 
0 0 0 0 1 0 1 
1 1 0 1 1 0 1 
0 0 0 1 0 0 3 

>> Estado: 4
1 0 1 0 0 1 0 
1 1 1 1 1 1 1 
1 0 0 0 0 0 1 
1 2 1 1 1 0 1 
0 0 0 0 1 0 1 
1 1 0 1 1 0 1 
0 0 0 1 0 0 3 

>> Estado: 5
1 0 1 0 0 1 0 
1 1 1 1 1 1 1 
1 0 0 0 0 0 1 
1 1 2 1 1 0 1 
0 0 0 0 1 0 1 
1 1 0 1 1 0 1 
0 0 0 1 0 0 3 

>> Estado: 6
1 0 1 0 0 1 0 
1 2 1 1 1 1 1 
1 0 0 0 0 0 1 
1 1 1 1 1 0 1 
0 0 0 0 1 0 1 
1 1 0 1 1 0 1 
0 0 0 1 0 0 3 

>> Estado: 7
1 0 1 0 0 1 0 
1 1 2 1 1 1 1 
1 0 0 0 0 0 1 
1 1 1 1 1 0 1 
0 0 0 0 1 0 1 
1 1 0 1 1 0 1 
0 0 0 1 0 0 3 

>> Estado: 8
1 0 2 0 0 1 0 
1 1 1 1 1 1 1 
1 0 0 0 0 0 1 
1 1 1 1 1 0 1 
0 0 0 0 1 0 1 
1 1 0 1 1 0 1 
0 0 0 1 0 0 3 

>> Estado: 9
1 0 1 0 0 1 0 
1 1 1 2 1 1 1 
1 0 0 0 0 0 1 
1 1 1 1 1 0 1 
0 0 0 0 1 0 1 
1 1 0 1 1 0 1 
0 0 0 1 0 0 3 

>> Estado: 10
1 0 1 0 0 1 0 
1 1 1 1 2 1 1 
1 0 0 0 0 0 1 
1 1 1 1 1 0 1 
0 0 0 0 1 0 1 
1 1 0 1 1 0 1 
0 0 0 1 0 0 3 

>> Profundidade max (5) atingida!
>> Atualizando profundidade...

>> Estado: 0
2 0 1 0 0 1 0 
1 1 1 1 1 1 1 
1 0 0 0 0 0 1 
1 1 1 1 1 0 1 
0 0 0 0 1 0 1 
1 1 0 1 1 0 1 
0 0 0 1 0 0 3 

>> Estado: 1
1 0 1 0 0 1 0 
2 1 1 1 1 1 1 
1 0 0 0 0 0 1 
1 1 1 1 1 0 1 
0 0 0 0 1 0 1 
1 1 0 1 1 0 1 
0 0 0 1 0 0 3 

>> Estado: 2
1 0 1 0 0 1 0 
1 1 1 1 1 1 1 
2 0 0 0 0 0 1 
1 1 1 1 1 0 1 
0 0 0 0 1 0 1 
1 1 0 1 1 0 1 
0 0 0 1 0 0 3 

>> Estado: 3
1 0 1 0 0 1 0 
1 1 1 1 1 1 1 
1 0 0 0 0 0 1 
2 1 1 1 1 0 1 
0 0 0 0 1 0 1 
1 1 0 1 1 0 1 
0 0 0 1 0 0 3 

>> Estado: 4
1 0 1 0 0 1 0 
1 1 1 1 1 1 1 
1 0 0 0 0 0 1 
1 2 1 1 1 0 1 
0 0 0 0 1 0 1 
1 1 0 1 1 0 1 
0 0 0 1 0 0 3 

>> Estado: 5
1 0 1 0 0 1 0 
1 1 1 1 1 1 1 
1 0 0 0 0 0 1 
1 1 2 1 1 0 1 
0 0 0 0 1 0 1 
1 1 0 1 1 0 1 
0 0 0 1 0 0 3 

>> Estado: 6
1 0 1 0 0 1 0 
1 1 1 1 1 1 1 
1 0 0 0 0 0 1 
1 1 1 2 1 0 1 
0 0 0 0 1 0 1 
1 1 0 1 1 0 1 
0 0 0 1 0 0 3 

>> Estado: 7
1 0 1 0 0 1 0 
1 1 1 1 1 1 1 
1 0 0 0 0 0 1 
1 1 1 1 2 0 1 
0 0 0 0 1 0 1 
1 1 0 1 1 0 1 
0 0 0 1 0 0 3 

>> Estado: 8
1 0 1 0 0 1 0 
1 1 1 1 1 1 1 
1 0 0 0 0 0 1 
1 1 1 1 1 0 1 
0 0 0 0 2 0 1 
1 1 0 1 1 0 1 
0 0 0 1 0 0 3 

>> Estado: 9
1 0 1 0 0 1 0 
1 1 1 1 1 1 1 
1 0 0 0 0 0 1 
1 1 1 1 1 0 1 
0 0 0 0 1 0 1 
1 1 0 1 2 0 1 
0 0 0 1 0 0 3 

>> Estado: 10
1 0 1 0 0 1 0 
1 1 1 1 1 1 1 
1 0 0 0 0 0 1 
1 1 1 1 1 0 1 
0 0 0 0 1 0 1 
1 1 0 2 1 0 1 
0 0 0 1 0 0 3 

>> Estado: 11
1 0 1 0 0 1 0 
1 2 1 1 1 1 1 
1 0 0 0 0 0 1 
1 1 1 1 1 0 1 
0 0 0 0 1 0 1 
1 1 0 1 1 0 1 
0 0 0 1 0 0 3 

>> Estado: 12
1 0 1 0 0 1 0 
1 1 2 1 1 1 1 
1 0 0 0 0 0 1 
1 1 1 1 1 0 1 
0 0 0 0 1 0 1 
1 1 0 1 1 0 1 
0 0 0 1 0 0 3 

>> Estado: 13
1 0 2 0 0 1 0 
1 1 1 1 1 1 1 
1 0 0 0 0 0 1 
1 1 1 1 1 0 1 
0 0 0 0 1 0 1 
1 1 0 1 1 0 1 
0 0 0 1 0 0 3 

>> Estado: 14
1 0 1 0 0 1 0 
1 1 1 2 1 1 1 
1 0 0 0 0 0 1 
1 1 1 1 1 0 1 
0 0 0 0 1 0 1 
1 1 0 1 1 0 1 
0 0 0 1 0 0 3 

>> Estado: 15
1 0 1 0 0 1 0 
1 1 1 1 2 1 1 
1 0 0 0 0 0 1 
1 1 1 1 1 0 1 
0 0 0 0 1 0 1 
1 1 0 1 1 0 1 
0 0 0 1 0 0 3 

>> Estado: 16
1 0 1 0 0 1 0 
1 1 1 1 1 2 1 
1 0 0 0 0 0 1 
1 1 1 1 1 0 1 
0 0 0 0 1 0 1 
1 1 0 1 1 0 1 
0 0 0 1 0 0 3 

>> Estado: 17
1 0 1 0 0 2 0 
1 1 1 1 1 1 1 
1 0 0 0 0 0 1 
1 1 1 1 1 0 1 
0 0 0 0 1 0 1 
1 1 0 1 1 0 1 
0 0 0 1 0 0 3 

>> Estado: 18
1 0 1 0 0 1 0 
1 1 1 1 1 1 2 
1 0 0 0 0 0 1 
1 1 1 1 1 0 1 
0 0 0 0 1 0 1 
1 1 0 1 1 0 1 
0 0 0 1 0 0 3 

>> Estado: 19
1 0 1 0 0 1 0 
1 1 1 1 1 1 1 
1 0 0 0 0 0 2 
1 1 1 1 1 0 1 
0 0 0 0 1 0 1 
1 1 0 1 1 0 1 
0 0 0 1 0 0 3 

>> Estado: 20
1 0 1 0 0 1 0 
1 1 1 1 1 1 1 
1 0 0 0 0 0 1 
1 1 1 1 1 0 2 
0 0 0 0 1 0 1 
1 1 0 1 1 0 1 
0 0 0 1 0 0 3 

>> Estado: 21
1 0 1 0 0 1 0 
1 1 1 1 1 1 1 
1 0 0 0 0 0 1 
1 1 1 1 1 0 1 
0 0 0 0 1 0 2 
1 1 0 1 1 0 1 
0 0 0 1 0 0 3 

>> Profundidade max (10) atingida!
>> Atualizando profundidade...

>> Estado: 0
2 0 1 0 0 1 0 
1 1 1 1 1 1 1 
1 0 0 0 0 0 1 
1 1 1 1 1 0 1 
0 0 0 0 1 0 1 
1 1 0 1 1 0 1 
0 0 0 1 0 0 3 

>> Estado: 1
1 0 1 0 0 1 0 
2 1 1 1 1 1 1 
1 0 0 0 0 0 1 
1 1 1 1 1 0 1 
0 0 0 0 1 0 1 
1 1 0 1 1 0 1 
0 0 0 1 0 0 3 

>> Estado: 2
1 0 1 0 0 1 0 
1 1 1 1 1 1 1 
2 0 0 0 0 0 1 
1 1 1 1 1 0 1 
0 0 0 0 1 0 1 
1 1 0 1 1 0 1 
0 0 0 1 0 0 3 

>> Estado: 3
1 0 1 0 0 1 0 
1 1 1 1 1 1 1 
1 0 0 0 0 0 1 
2 1 1 1 1 0 1 
0 0 0 0 1 0 1 
1 1 0 1 1 0 1 
0 0 0 1 0 0 3 

>> Estado: 4
1 0 1 0 0 1 0 
1 1 1 1 1 1 1 
1 0 0 0 0 0 1 
1 2 1 1 1 0 1 
0 0 0 0 1 0 1 
1 1 0 1 1 0 1 
0 0 0 1 0 0 3 

>> Estado: 5
1 0 1 0 0 1 0 
1 1 1 1 1 1 1 
1 0 0 0 0 0 1 
1 1 2 1 1 0 1 
0 0 0 0 1 0 1 
1 1 0 1 1 0 1 
0 0 0 1 0 0 3 

>> Estado: 6
1 0 1 0 0 1 0 
1 1 1 1 1 1 1 
1 0 0 0 0 0 1 
1 1 1 2 1 0 1 
0 0 0 0 1 0 1 
1 1 0 1 1 0 1 
0 0 0 1 0 0 3 

>> Estado: 7
1 0 1 0 0 1 0 
1 1 1 1 1 1 1 
1 0 0 0 0 0 1 
1 1 1 1 2 0 1 
0 0 0 0 1 0 1 
1 1 0 1 1 0 1 
0 0 0 1 0 0 3 

>> Estado: 8
1 0 1 0 0 1 0 
1 1 1 1 1 1 1 
1 0 0 0 0 0 1 
1 1 1 1 1 0 1 
0 0 0 0 2 0 1 
1 1 0 1 1 0 1 
0 0 0 1 0 0 3 

>> Estado: 9
1 0 1 0 0 1 0 
1 1 1 1 1 1 1 
1 0 0 0 0 0 1 
1 1 1 1 1 0 1 
0 0 0 0 1 0 1 
1 1 0 1 2 0 1 
0 0 0 1 0 0 3 

>> Estado: 10
1 0 1 0 0 1 0 
1 1 1 1 1 1 1 
1 0 0 0 0 0 1 
1 1 1 1 1 0 1 
0 0 0 0 1 0 1 
1 1 0 2 1 0 1 
0 0 0 1 0 0 3 

>> Estado: 11
1 0 1 0 0 1 0 
1 1 1 1 1 1 1 
1 0 0 0 0 0 1 
1 1 1 1 1 0 1 
0 0 0 0 1 0 1 
1 1 0 1 1 0 1 
0 0 0 2 0 0 3 

>> Estado: 12
1 0 1 0 0 1 0 
1 2 1 1 1 1 1 
1 0 0 0 0 0 1 
1 1 1 1 1 0 1 
0 0 0 0 1 0 1 
1 1 0 1 1 0 1 
0 0 0 1 0 0 3 

>> Estado: 13
1 0 1 0 0 1 0 
1 1 2 1 1 1 1 
1 0 0 0 0 0 1 
1 1 1 1 1 0 1 
0 0 0 0 1 0 1 
1 1 0 1 1 0 1 
0 0 0 1 0 0 3 

>> Estado: 14
1 0 2 0 0 1 0 
1 1 1 1 1 1 1 
1 0 0 0 0 0 1 
1 1 1 1 1 0 1 
0 0 0 0 1 0 1 
1 1 0 1 1 0 1 
0 0 0 1 0 0 3 

>> Estado: 15
1 0 1 0 0 1 0 
1 1 1 2 1 1 1 
1 0 0 0 0 0 1 
1 1 1 1 1 0 1 
0 0 0 0 1 0 1 
1 1 0 1 1 0 1 
0 0 0 1 0 0 3 

>> Estado: 16
1 0 1 0 0 1 0 
1 1 1 1 2 1 1 
1 0 0 0 0 0 1 
1 1 1 1 1 0 1 
0 0 0 0 1 0 1 
1 1 0 1 1 0 1 
0 0 0 1 0 0 3 

>> Estado: 17
1 0 1 0 0 1 0 
1 1 1 1 1 2 1 
1 0 0 0 0 0 1 
1 1 1 1 1 0 1 
0 0 0 0 1 0 1 
1 1 0 1 1 0 1 
0 0 0 1 0 0 3 

>> Estado: 18
1 0 1 0 0 2 0 
1 1 1 1 1 1 1 
1 0 0 0 0 0 1 
1 1 1 1 1 0 1 
0 0 0 0 1 0 1 
1 1 0 1 1 0 1 
0 0 0 1 0 0 3 

>> Estado: 19
1 0 1 0 0 1 0 
1 1 1 1 1 1 2 
1 0 0 0 0 0 1 
1 1 1 1 1 0 1 
0 0 0 0 1 0 1 
1 1 0 1 1 0 1 
0 0 0 1 0 0 3 

>> Estado: 20
1 0 1 0 0 1 0 
1 1 1 1 1 1 1 
1 0 0 0 0 0 2 
1 1 1 1 1 0 1 
0 0 0 0 1 0 1 
1 1 0 1 1 0 1 
0 0 0 1 0 0 3 

>> Estado: 21
1 0 1 0 0 1 0 
1 1 1 1 1 1 1 
1 0 0 0 0 0 1 
1 1 1 1 1 0 2 
0 0 0 0 1 0 1 
1 1 0 1 1 0 1 
0 0 0 1 0 0 3 

>> Estado: 22
1 0 1 0 0 1 0 
1 1 1 1 1 1 1 
1 0 0 0 0 0 1 
1 1 1 1 1 0 1 
0 0 0 0 1 0 2 
1 1 0 1 1 0 1 
0 0 0 1 0 0 3 

>> Estado: 23
1 0 1 0 0 1 0 
1 1 1 1 1 1 1 
1 0 0 0 0 0 1 
1 1 1 1 1 0 1 
0 0 0 0 1 0 1 
1 1 0 1 1 0 2 
0 0 0 1 0 0 3 

>> Estado: 24
1 0 1 0 0 1 0 
1 1 1 1 1 1 1 
1 0 0 0 0 0 1 
1 1 1 1 1 0 1 
0 0 0 0 1 0 1 
1 1 0 1 1 0 3 
0 0 0 1 0 0 2 

>> Encontrei!
>> Profundidade da meta: 12
>> Total de nos: 25

=============================================

Teste 4: 
>> Estado: 0
2 0 0 0 1 0 0 
1 1 1 1 1 1 0 
1 0 0 0 0 1 1 
1 1 0 1 1 1 1 
0 1 0 0 0 1 1 
0 1 1 1 1 1 0 
0 0 0 1 0 1 3 

>> Profundidade max (0) atingida!
>> Atualizando profundidade...

>> Estado: 0
2 0 0 0 1 0 0 
1 1 1 1 1 1 0 
1 0 0 0 0 1 1 
1 1 0 1 1 1 1 
0 1 0 0 0 1 1 
0 1 1 1 1 1 0 
0 0 0 1 0 1 3 

>> Estado: 1
1 0 0 0 1 0 0 
2 1 1 1 1 1 0 
1 0 0 0 0 1 1 
1 1 0 1 1 1 1 
0 1 0 0 0 1 1 
0 1 1 1 1 1 0 
0 0 0 1 0 1 3 

>> Estado: 2
1 0 0 0 1 0 0 
1 1 1 1 1 1 0 
2 0 0 0 0 1 1 
1 1 0 1 1 1 1 
0 1 0 0 0 1 1 
0 1 1 1 1 1 0 
0 0 0 1 0 1 3 

>> Estado: 3
1 0 0 0 1 0 0 
1 1 1 1 1 1 0 
1 0 0 0 0 1 1 
2 1 0 1 1 1 1 
0 1 0 0 0 1 1 
0 1 1 1 1 1 0 
0 0 0 1 0 1 3 

>> Estado: 4
1 0 0 0 1 0 0 
1 1 1 1 1 1 0 
1 0 0 0 0 1 1 
1 2 0 1 1 1 1 
0 1 0 0 0 1 1 
0 1 1 1 1 1 0 
0 0 0 1 0 1 3 

>> Estado: 5
1 0 0 0 1 0 0 
1 1 1 1 1 1 0 
1 0 0 0 0 1 1 
1 1 0 1 1 1 1 
0 2 0 0 0 1 1 
0 1 1 1 1 1 0 
0 0 0 1 0 1 3 

>> Estado: 6
1 0 0 0 1 0 0 
1 2 1 1 1 1 0 
1 0 0 0 0 1 1 
1 1 0 1 1 1 1 
0 1 0 0 0 1 1 
0 1 1 1 1 1 0 
0 0 0 1 0 1 3 

>> Estado: 7
1 0 0 0 1 0 0 
1 1 2 1 1 1 0 
1 0 0 0 0 1 1 
1 1 0 1 1 1 1 
0 1 0 0 0 1 1 
0 1 1 1 1 1 0 
0 0 0 1 0 1 3 

>> Estado: 8
1 0 0 0 1 0 0 
1 1 1 2 1 1 0 
1 0 0 0 0 1 1 
1 1 0 1 1 1 1 
0 1 0 0 0 1 1 
0 1 1 1 1 1 0 
0 0 0 1 0 1 3 

>> Estado: 9
1 0 0 0 1 0 0 
1 1 1 1 2 1 0 
1 0 0 0 0 1 1 
1 1 0 1 1 1 1 
0 1 0 0 0 1 1 
0 1 1 1 1 1 0 
0 0 0 1 0 1 3 

>> Profundidade max (5) atingida!
>> Atualizando profundidade...

>> Estado: 0
2 0 0 0 1 0 0 
1 1 1 1 1 1 0 
1 0 0 0 0 1 1 
1 1 0 1 1 1 1 
0 1 0 0 0 1 1 
0 1 1 1 1 1 0 
0 0 0 1 0 1 3 

>> Estado: 1
1 0 0 0 1 0 0 
2 1 1 1 1 1 0 
1 0 0 0 0 1 1 
1 1 0 1 1 1 1 
0 1 0 0 0 1 1 
0 1 1 1 1 1 0 
0 0 0 1 0 1 3 

>> Estado: 2
1 0 0 0 1 0 0 
1 1 1 1 1 1 0 
2 0 0 0 0 1 1 
1 1 0 1 1 1 1 
0 1 0 0 0 1 1 
0 1 1 1 1 1 0 
0 0 0 1 0 1 3 

>> Estado: 3
1 0 0 0 1 0 0 
1 1 1 1 1 1 0 
1 0 0 0 0 1 1 
2 1 0 1 1 1 1 
0 1 0 0 0 1 1 
0 1 1 1 1 1 0 
0 0 0 1 0 1 3 

>> Estado: 4
1 0 0 0 1 0 0 
1 1 1 1 1 1 0 
1 0 0 0 0 1 1 
1 2 0 1 1 1 1 
0 1 0 0 0 1 1 
0 1 1 1 1 1 0 
0 0 0 1 0 1 3 

>> Estado: 5
1 0 0 0 1 0 0 
1 1 1 1 1 1 0 
1 0 0 0 0 1 1 
1 1 0 1 1 1 1 
0 2 0 0 0 1 1 
0 1 1 1 1 1 0 
0 0 0 1 0 1 3 

>> Estado: 6
1 0 0 0 1 0 0 
1 1 1 1 1 1 0 
1 0 0 0 0 1 1 
1 1 0 1 1 1 1 
0 1 0 0 0 1 1 
0 2 1 1 1 1 0 
0 0 0 1 0 1 3 

>> Estado: 7
1 0 0 0 1 0 0 
1 1 1 1 1 1 0 
1 0 0 0 0 1 1 
1 1 0 1 1 1 1 
0 1 0 0 0 1 1 
0 1 2 1 1 1 0 
0 0 0 1 0 1 3 

>> Estado: 8
1 0 0 0 1 0 0 
1 1 1 1 1 1 0 
1 0 0 0 0 1 1 
1 1 0 1 1 1 1 
0 1 0 0 0 1 1 
0 1 1 2 1 1 0 
0 0 0 1 0 1 3 

>> Estado: 9
1 0 0 0 1 0 0 
1 1 1 1 1 1 0 
1 0 0 0 0 1 1 
1 1 0 1 1 1 1 
0 1 0 0 0 1 1 
0 1 1 1 1 1 0 
0 0 0 2 0 1 3 

>> Estado: 10
1 0 0 0 1 0 0 
1 1 1 1 1 1 0 
1 0 0 0 0 1 1 
1 1 0 1 1 1 1 
0 1 0 0 0 1 1 
0 1 1 1 2 1 0 
0 0 0 1 0 1 3 

>> Estado: 11
1 0 0 0 1 0 0 
1 1 1 1 1 1 0 
1 0 0 0 0 1 1 
1 1 0 1 1 1 1 
0 1 0 0 0 1 1 
0 1 1 1 1 2 0 
0 0 0 1 0 1 3 

>> Estado: 12
1 0 0 0 1 0 0 
1 2 1 1 1 1 0 
1 0 0 0 0 1 1 
1 1 0 1 1 1 1 
0 1 0 0 0 1 1 
0 1 1 1 1 1 0 
0 0 0 1 0 1 3 

>> Estado: 13
1 0 0 0 1 0 0 
1 1 2 1 1 1 0 
1 0 0 0 0 1 1 
1 1 0 1 1 1 1 
0 1 0 0 0 1 1 
0 1 1 1 1 1 0 
0 0 0 1 0 1 3 

>> Estado: 14
1 0 0 0 1 0 0 
1 1 1 2 1 1 0 
1 0 0 0 0 1 1 
1 1 0 1 1 1 1 
0 1 0 0 0 1 1 
0 1 1 1 1 1 0 
0 0 0 1 0 1 3 

>> Estado: 15
1 0 0 0 1 0 0 
1 1 1 1 2 1 0 
1 0 0 0 0 1 1 
1 1 0 1 1 1 1 
0 1 0 0 0 1 1 
0 1 1 1 1 1 0 
0 0 0 1 0 1 3 

>> Estado: 16
1 0 0 0 2 0 0 
1 1 1 1 1 1 0 
1 0 0 0 0 1 1 
1 1 0 1 1 1 1 
0 1 0 0 0 1 1 
0 1 1 1 1 1 0 
0 0 0 1 0 1 3 

>> Estado: 17
1 0 0 0 1 0 0 
1 1 1 1 1 2 0 
1 0 0 0 0 1 1 
1 1 0 1 1 1 1 
0 1 0 0 0 1 1 
0 1 1 1 1 1 0 
0 0 0 1 0 1 3 

>> Estado: 18
1 0 0 0 1 0 0 
1 1 1 1 1 1 0 
1 0 0 0 0 2 1 
1 1 0 1 1 1 1 
0 1 0 0 0 1 1 
0 1 1 1 1 1 0 
0 0 0 1 0 1 3 

>> Estado: 19
1 0 0 0 1 0 0 
1 1 1 1 1 1 0 
1 0 0 0 0 1 1 
1 1 0 1 1 2 1 
0 1 0 0 0 1 1 
0 1 1 1 1 1 0 
0 0 0 1 0 1 3 

>> Estado: 20
1 0 0 0 1 0 0 
1 1 1 1 1 1 0 
1 0 0 0 0 1 1 
1 1 0 1 1 1 1 
0 1 0 0 0 2 1 
0 1 1 1 1 1 0 
0 0 0 1 0 1 3 

>> Estado: 21
1 0 0 0 1 0 0 
1 1 1 1 1 1 0 
1 0 0 0 0 1 1 
1 1 0 1 1 1 1 
0 1 0 0 0 1 2 
0 1 1 1 1 1 0 
0 0 0 1 0 1 3 

>> Estado: 22
1 0 0 0 1 0 0 
1 1 1 1 1 1 0 
1 0 0 0 0 1 1 
1 1 0 1 2 1 1 
0 1 0 0 0 1 1 
0 1 1 1 1 1 0 
0 0 0 1 0 1 3 

>> Estado: 23
1 0 0 0 1 0 0 
1 1 1 1 1 1 0 
1 0 0 0 0 1 1 
1 1 0 2 1 1 1 
0 1 0 0 0 1 1 
0 1 1 1 1 1 0 
0 0 0 1 0 1 3 

>> Estado: 24
1 0 0 0 1 0 0 
1 1 1 1 1 1 0 
1 0 0 0 0 1 1 
1 1 0 1 1 1 2 
0 1 0 0 0 1 1 
0 1 1 1 1 1 0 
0 0 0 1 0 1 3 

>> Estado: 25
1 0 0 0 1 0 0 
1 1 1 1 1 1 0 
1 0 0 0 0 1 2 
1 1 0 1 1 1 1 
0 1 0 0 0 1 1 
0 1 1 1 1 1 0 
0 0 0 1 0 1 3 

>> Profundidade max (10) atingida!
>> Atualizando profundidade...

>> Estado: 0
2 0 0 0 1 0 0 
1 1 1 1 1 1 0 
1 0 0 0 0 1 1 
1 1 0 1 1 1 1 
0 1 0 0 0 1 1 
0 1 1 1 1 1 0 
0 0 0 1 0 1 3 

>> Estado: 1
1 0 0 0 1 0 0 
2 1 1 1 1 1 0 
1 0 0 0 0 1 1 
1 1 0 1 1 1 1 
0 1 0 0 0 1 1 
0 1 1 1 1 1 0 
0 0 0 1 0 1 3 

>> Estado: 2
1 0 0 0 1 0 0 
1 1 1 1 1 1 0 
2 0 0 0 0 1 1 
1 1 0 1 1 1 1 
0 1 0 0 0 1 1 
0 1 1 1 1 1 0 
0 0 0 1 0 1 3 

>> Estado: 3
1 0 0 0 1 0 0 
1 1 1 1 1 1 0 
1 0 0 0 0 1 1 
2 1 0 1 1 1 1 
0 1 0 0 0 1 1 
0 1 1 1 1 1 0 
0 0 0 1 0 1 3 

>> Estado: 4
1 0 0 0 1 0 0 
1 1 1 1 1 1 0 
1 0 0 0 0 1 1 
1 2 0 1 1 1 1 
0 1 0 0 0 1 1 
0 1 1 1 1 1 0 
0 0 0 1 0 1 3 

>> Estado: 5
1 0 0 0 1 0 0 
1 1 1 1 1 1 0 
1 0 0 0 0 1 1 
1 1 0 1 1 1 1 
0 2 0 0 0 1 1 
0 1 1 1 1 1 0 
0 0 0 1 0 1 3 

>> Estado: 6
1 0 0 0 1 0 0 
1 1 1 1 1 1 0 
1 0 0 0 0 1 1 
1 1 0 1 1 1 1 
0 1 0 0 0 1 1 
0 2 1 1 1 1 0 
0 0 0 1 0 1 3 

>> Estado: 7
1 0 0 0 1 0 0 
1 1 1 1 1 1 0 
1 0 0 0 0 1 1 
1 1 0 1 1 1 1 
0 1 0 0 0 1 1 
0 1 2 1 1 1 0 
0 0 0 1 0 1 3 

>> Estado: 8
1 0 0 0 1 0 0 
1 1 1 1 1 1 0 
1 0 0 0 0 1 1 
1 1 0 1 1 1 1 
0 1 0 0 0 1 1 
0 1 1 2 1 1 0 
0 0 0 1 0 1 3 

>> Estado: 9
1 0 0 0 1 0 0 
1 1 1 1 1 1 0 
1 0 0 0 0 1 1 
1 1 0 1 1 1 1 
0 1 0 0 0 1 1 
0 1 1 1 1 1 0 
0 0 0 2 0 1 3 

>> Estado: 10
1 0 0 0 1 0 0 
1 1 1 1 1 1 0 
1 0 0 0 0 1 1 
1 1 0 1 1 1 1 
0 1 0 0 0 1 1 
0 1 1 1 2 1 0 
0 0 0 1 0 1 3 

>> Estado: 11
1 0 0 0 1 0 0 
1 1 1 1 1 1 0 
1 0 0 0 0 1 1 
1 1 0 1 1 1 1 
0 1 0 0 0 1 1 
0 1 1 1 1 2 0 
0 0 0 1 0 1 3 

>> Estado: 12
1 0 0 0 1 0 0 
1 1 1 1 1 1 0 
1 0 0 0 0 1 1 
1 1 0 1 1 1 1 
0 1 0 0 0 2 1 
0 1 1 1 1 1 0 
0 0 0 1 0 1 3 

>> Estado: 13
1 0 0 0 1 0 0 
1 1 1 1 1 1 0 
1 0 0 0 0 1 1 
1 1 0 1 1 2 1 
0 1 0 0 0 1 1 
0 1 1 1 1 1 0 
0 0 0 1 0 1 3 

>> Estado: 14
1 0 0 0 1 0 0 
1 1 1 1 1 1 0 
1 0 0 0 0 2 1 
1 1 0 1 1 1 1 
0 1 0 0 0 1 1 
0 1 1 1 1 1 0 
0 0 0 1 0 1 3 

>> Estado: 15
1 0 0 0 1 0 0 
1 1 1 1 1 2 0 
1 0 0 0 0 1 1 
1 1 0 1 1 1 1 
0 1 0 0 0 1 1 
0 1 1 1 1 1 0 
0 0 0 1 0 1 3 

>> Estado: 16
1 0 0 0 1 0 0 
1 1 1 1 2 1 0 
1 0 0 0 0 1 1 
1 1 0 1 1 1 1 
0 1 0 0 0 1 1 
0 1 1 1 1 1 0 
0 0 0 1 0 1 3 

>> Estado: 17
1 0 0 0 1 0 0 
1 1 1 1 1 1 0 
1 0 0 0 0 1 2 
1 1 0 1 1 1 1 
0 1 0 0 0 1 1 
0 1 1 1 1 1 0 
0 0 0 1 0 1 3 

>> Estado: 18
1 0 0 0 1 0 0 
1 1 1 1 1 1 0 
1 0 0 0 0 1 1 
1 1 0 1 1 1 2 
0 1 0 0 0 1 1 
0 1 1 1 1 1 0 
0 0 0 1 0 1 3 

>> Estado: 19
1 0 0 0 1 0 0 
1 1 1 1 1 1 0 
1 0 0 0 0 1 1 
1 1 0 1 2 1 1 
0 1 0 0 0 1 1 
0 1 1 1 1 1 0 
0 0 0 1 0 1 3 

>> Estado: 20
1 0 0 0 1 0 0 
1 1 1 1 1 1 0 
1 0 0 0 0 1 1 
1 1 0 2 1 1 1 
0 1 0 0 0 1 1 
0 1 1 1 1 1 0 
0 0 0 1 0 1 3 

>> Estado: 21
1 0 0 0 1 0 0 
1 1 1 1 1 1 0 
1 0 0 0 0 1 1 
1 1 0 1 1 1 1 
0 1 0 0 0 1 2 
0 1 1 1 1 1 0 
0 0 0 1 0 1 3 

>> Estado: 22
1 0 0 0 1 0 0 
1 1 1 1 1 1 0 
1 0 0 0 0 1 1 
1 1 0 1 1 1 1 
0 1 0 0 0 1 1 
0 1 1 1 1 1 0 
0 0 0 1 0 2 3 

>> Estado: 23
1 0 0 0 1 0 0 
1 1 1 1 1 1 0 
1 0 0 0 0 1 1 
1 1 0 1 1 1 1 
0 1 0 0 0 1 1 
0 1 1 1 1 1 0 
0 0 0 1 0 3 2 

>> Profundidade max (15) atingida!
>> Atualizando profundidade...

>> Encontrei!
>> Profundidade da meta: 12
>> Total de nos: 0

=============================================

Teste 5: 
>> Estado: 0
2 0 0 0 1 0 1 
1 1 0 1 1 1 1 
1 0 0 0 0 1 1 
1 1 1 1 1 0 0 
0 0 0 0 1 1 1 
0 1 1 1 1 1 0 
0 0 0 1 0 1 3 

>> Profundidade max (0) atingida!
>> Atualizando profundidade...

>> Estado: 0
2 0 0 0 1 0 1 
1 1 0 1 1 1 1 
1 0 0 0 0 1 1 
1 1 1 1 1 0 0 
0 0 0 0 1 1 1 
0 1 1 1 1 1 0 
0 0 0 1 0 1 3 

>> Estado: 1
1 0 0 0 1 0 1 
2 1 0 1 1 1 1 
1 0 0 0 0 1 1 
1 1 1 1 1 0 0 
0 0 0 0 1 1 1 
0 1 1 1 1 1 0 
0 0 0 1 0 1 3 

>> Estado: 2
1 0 0 0 1 0 1 
1 1 0 1 1 1 1 
2 0 0 0 0 1 1 
1 1 1 1 1 0 0 
0 0 0 0 1 1 1 
0 1 1 1 1 1 0 
0 0 0 1 0 1 3 

>> Estado: 3
1 0 0 0 1 0 1 
1 1 0 1 1 1 1 
1 0 0 0 0 1 1 
2 1 1 1 1 0 0 
0 0 0 0 1 1 1 
0 1 1 1 1 1 0 
0 0 0 1 0 1 3 

>> Estado: 4
1 0 0 0 1 0 1 
1 1 0 1 1 1 1 
1 0 0 0 0 1 1 
1 2 1 1 1 0 0 
0 0 0 0 1 1 1 
0 1 1 1 1 1 0 
0 0 0 1 0 1 3 

>> Estado: 5
1 0 0 0 1 0 1 
1 1 0 1 1 1 1 
1 0 0 0 0 1 1 
1 1 2 1 1 0 0 
0 0 0 0 1 1 1 
0 1 1 1 1 1 0 
0 0 0 1 0 1 3 

>> Estado: 6
1 0 0 0 1 0 1 
1 2 0 1 1 1 1 
1 0 0 0 0 1 1 
1 1 1 1 1 0 0 
0 0 0 0 1 1 1 
0 1 1 1 1 1 0 
0 0 0 1 0 1 3 

>> Profundidade max (5) atingida!
>> Atualizando profundidade...

>> Estado: 0
2 0 0 0 1 0 1 
1 1 0 1 1 1 1 
1 0 0 0 0 1 1 
1 1 1 1 1 0 0 
0 0 0 0 1 1 1 
0 1 1 1 1 1 0 
0 0 0 1 0 1 3 

>> Estado: 1
1 0 0 0 1 0 1 
2 1 0 1 1 1 1 
1 0 0 0 0 1 1 
1 1 1 1 1 0 0 
0 0 0 0 1 1 1 
0 1 1 1 1 1 0 
0 0 0 1 0 1 3 

>> Estado: 2
1 0 0 0 1 0 1 
1 1 0 1 1 1 1 
2 0 0 0 0 1 1 
1 1 1 1 1 0 0 
0 0 0 0 1 1 1 
0 1 1 1 1 1 0 
0 0 0 1 0 1 3 

>> Estado: 3
1 0 0 0 1 0 1 
1 1 0 1 1 1 1 
1 0 0 0 0 1 1 
2 1 1 1 1 0 0 
0 0 0 0 1 1 1 
0 1 1 1 1 1 0 
0 0 0 1 0 1 3 

>> Estado: 4
1 0 0 0 1 0 1 
1 1 0 1 1 1 1 
1 0 0 0 0 1 1 
1 2 1 1 1 0 0 
0 0 0 0 1 1 1 
0 1 1 1 1 1 0 
0 0 0 1 0 1 3 

>> Estado: 5
1 0 0 0 1 0 1 
1 1 0 1 1 1 1 
1 0 0 0 0 1 1 
1 1 2 1 1 0 0 
0 0 0 0 1 1 1 
0 1 1 1 1 1 0 
0 0 0 1 0 1 3 

>> Estado: 6
1 0 0 0 1 0 1 
1 1 0 1 1 1 1 
1 0 0 0 0 1 1 
1 1 1 2 1 0 0 
0 0 0 0 1 1 1 
0 1 1 1 1 1 0 
0 0 0 1 0 1 3 

>> Estado: 7
1 0 0 0 1 0 1 
1 1 0 1 1 1 1 
1 0 0 0 0 1 1 
1 1 1 1 2 0 0 
0 0 0 0 1 1 1 
0 1 1 1 1 1 0 
0 0 0 1 0 1 3 

>> Estado: 8
1 0 0 0 1 0 1 
1 1 0 1 1 1 1 
1 0 0 0 0 1 1 
1 1 1 1 1 0 0 
0 0 0 0 2 1 1 
0 1 1 1 1 1 0 
0 0 0 1 0 1 3 

>> Estado: 9
1 0 0 0 1 0 1 
1 1 0 1 1 1 1 
1 0 0 0 0 1 1 
1 1 1 1 1 0 0 
0 0 0 0 1 1 1 
0 1 1 1 2 1 0 
0 0 0 1 0 1 3 

>> Estado: 10
1 0 0 0 1 0 1 
1 1 0 1 1 1 1 
1 0 0 0 0 1 1 
1 1 1 1 1 0 0 
0 0 0 0 1 1 1 
0 1 1 2 1 1 0 
0 0 0 1 0 1 3 

>> Estado: 11
1 0 0 0 1 0 1 
1 1 0 1 1 1 1 
1 0 0 0 0 1 1 
1 1 1 1 1 0 0 
0 0 0 0 1 1 1 
0 1 1 1 1 2 0 
0 0 0 1 0 1 3 

>> Estado: 12
1 0 0 0 1 0 1 
1 1 0 1 1 1 1 
1 0 0 0 0 1 1 
1 1 1 1 1 0 0 
0 0 0 0 1 2 1 
0 1 1 1 1 1 0 
0 0 0 1 0 1 3 

>> Estado: 13
1 0 0 0 1 0 1 
1 1 0 1 1 1 1 
1 0 0 0 0 1 1 
1 1 1 1 1 0 0 
0 0 0 0 1 1 2 
0 1 1 1 1 1 0 
0 0 0 1 0 1 3 

>> Estado: 14
1 0 0 0 1 0 1 
1 2 0 1 1 1 1 
1 0 0 0 0 1 1 
1 1 1 1 1 0 0 
0 0 0 0 1 1 1 
0 1 1 1 1 1 0 
0 0 0 1 0 1 3 

>> Profundidade max (10) atingida!
>> Atualizando profundidade...

>> Estado: 0
2 0 0 0 1 0 1 
1 1 0 1 1 1 1 
1 0 0 0 0 1 1 
1 1 1 1 1 0 0 
0 0 0 0 1 1 1 
0 1 1 1 1 1 0 
0 0 0 1 0 1 3 

>> Estado: 1
1 0 0 0 1 0 1 
2 1 0 1 1 1 1 
1 0 0 0 0 1 1 
1 1 1 1 1 0 0 
0 0 0 0 1 1 1 
0 1 1 1 1 1 0 
0 0 0 1 0 1 3 

>> Estado: 2
1 0 0 0 1 0 1 
1 1 0 1 1 1 1 
2 0 0 0 0 1 1 
1 1 1 1 1 0 0 
0 0 0 0 1 1 1 
0 1 1 1 1 1 0 
0 0 0 1 0 1 3 

>> Estado: 3
1 0 0 0 1 0 1 
1 1 0 1 1 1 1 
1 0 0 0 0 1 1 
2 1 1 1 1 0 0 
0 0 0 0 1 1 1 
0 1 1 1 1 1 0 
0 0 0 1 0 1 3 

>> Estado: 4
1 0 0 0 1 0 1 
1 1 0 1 1 1 1 
1 0 0 0 0 1 1 
1 2 1 1 1 0 0 
0 0 0 0 1 1 1 
0 1 1 1 1 1 0 
0 0 0 1 0 1 3 

>> Estado: 5
1 0 0 0 1 0 1 
1 1 0 1 1 1 1 
1 0 0 0 0 1 1 
1 1 2 1 1 0 0 
0 0 0 0 1 1 1 
0 1 1 1 1 1 0 
0 0 0 1 0 1 3 

>> Estado: 6
1 0 0 0 1 0 1 
1 1 0 1 1 1 1 
1 0 0 0 0 1 1 
1 1 1 2 1 0 0 
0 0 0 0 1 1 1 
0 1 1 1 1 1 0 
0 0 0 1 0 1 3 

>> Estado: 7
1 0 0 0 1 0 1 
1 1 0 1 1 1 1 
1 0 0 0 0 1 1 
1 1 1 1 2 0 0 
0 0 0 0 1 1 1 
0 1 1 1 1 1 0 
0 0 0 1 0 1 3 

>> Estado: 8
1 0 0 0 1 0 1 
1 1 0 1 1 1 1 
1 0 0 0 0 1 1 
1 1 1 1 1 0 0 
0 0 0 0 2 1 1 
0 1 1 1 1 1 0 
0 0 0 1 0 1 3 

>> Estado: 9
1 0 0 0 1 0 1 
1 1 0 1 1 1 1 
1 0 0 0 0 1 1 
1 1 1 1 1 0 0 
0 0 0 0 1 1 1 
0 1 1 1 2 1 0 
0 0 0 1 0 1 3 

>> Estado: 10
1 0 0 0 1 0 1 
1 1 0 1 1 1 1 
1 0 0 0 0 1 1 
1 1 1 1 1 0 0 
0 0 0 0 1 1 1 
0 1 1 2 1 1 0 
0 0 0 1 0 1 3 

>> Estado: 11
1 0 0 0 1 0 1 
1 1 0 1 1 1 1 
1 0 0 0 0 1 1 
1 1 1 1 1 0 0 
0 0 0 0 1 1 1 
0 1 1 1 1 1 0 
0 0 0 2 0 1 3 

>> Estado: 12
1 0 0 0 1 0 1 
1 1 0 1 1 1 1 
1 0 0 0 0 1 1 
1 1 1 1 1 0 0 
0 0 0 0 1 1 1 
0 1 2 1 1 1 0 
0 0 0 1 0 1 3 

>> Estado: 13
1 0 0 0 1 0 1 
1 1 0 1 1 1 1 
1 0 0 0 0 1 1 
1 1 1 1 1 0 0 
0 0 0 0 1 1 1 
0 2 1 1 1 1 0 
0 0 0 1 0 1 3 

>> Estado: 14
1 0 0 0 1 0 1 
1 1 0 1 1 1 1 
1 0 0 0 0 1 1 
1 1 1 1 1 0 0 
0 0 0 0 1 1 1 
0 1 1 1 1 2 0 
0 0 0 1 0 1 3 

>> Estado: 15
1 0 0 0 1 0 1 
1 1 0 1 1 1 1 
1 0 0 0 0 1 1 
1 1 1 1 1 0 0 
0 0 0 0 1 2 1 
0 1 1 1 1 1 0 
0 0 0 1 0 1 3 

>> Estado: 16
1 0 0 0 1 0 1 
1 1 0 1 1 1 1 
1 0 0 0 0 1 1 
1 1 1 1 1 0 0 
0 0 0 0 1 1 2 
0 1 1 1 1 1 0 
0 0 0 1 0 1 3 

>> Estado: 17
1 0 0 0 1 0 1 
1 1 0 1 1 1 1 
1 0 0 0 0 1 1 
1 1 1 1 1 0 0 
0 0 0 0 1 1 1 
0 1 1 1 1 1 0 
0 0 0 1 0 2 3 

>> Estado: 18
1 0 0 0 1 0 1 
1 1 0 1 1 1 1 
1 0 0 0 0 1 1 
1 1 1 1 1 0 0 
0 0 0 0 1 1 1 
0 1 1 1 1 1 0 
0 0 0 1 0 3 2 

>> Encontrei!
>> Profundidade da meta: 12
>> Total de nos: 19
