>> Solucao encontrada!

Estado: 0
2 1 1 1 1 0 0 0 0 0
0 1 0 0 1 0 0 0 1 0
1 1 0 1 1 1 1 0 1 1
1 0 0 0 1 0 0 0 1 1
1 0 1 1 1 1 0 0 0 3
1 0 0 0 0 1 1 1 1 1
1 1 1 1 1 1 0 0 1 0
0 1 0 0 0 0 0 1 1 1
1 1 1 1 1 1 1 1 1 0
0 0 0 0 0 0 0 1 1 1

Estado: 1
1 2 1 1 1 0 0 0 0 0
0 1 0 0 1 0 0 0 1 0
1 1 0 1 1 1 1 0 1 1
1 0 0 0 1 0 0 0 1 1
1 0 1 1 1 1 0 0 0 3
1 0 0 0 0 1 1 1 1 1
1 1 1 1 1 1 0 0 1 0
0 1 0 0 0 0 0 1 1 1
1 1 1 1 1 1 1 1 1 0
0 0 0 0 0 0 0 1 1 1

Estado: 3
1 1 2 1 1 0 0 0 0 0
0 1 0 0 1 0 0 0 1 0
1 1 0 1 1 1 1 0 1 1
1 0 0 0 1 0 0 0 1 1
1 0 1 1 1 1 0 0 0 3
1 0 0 0 0 1 1 1 1 1
1 1 1 1 1 1 0 0 1 0
0 1 0 0 0 0 0 1 1 1
1 1 1 1 1 1 1 1 1 0
0 0 0 0 0 0 0 1 1 1

Estado: 5
1 1 1 2 1 0 0 0 0 0
0 1 0 0 1 0 0 0 1 0
1 1 0 1 1 1 1 0 1 1
1 0 0 0 1 0 0 0 1 1
1 0 1 1 1 1 0 0 0 3
1 0 0 0 0 1 1 1 1 1
1 1 1 1 1 1 0 0 1 0
0 1 0 0 0 0 0 1 1 1
1 1 1 1 1 1 1 1 1 0
0 0 0 0 0 0 0 1 1 1

Estado: 7
1 1 1 1 2 0 0 0 0 0
0 1 0 0 1 0 0 0 1 0
1 1 0 1 1 1 1 0 1 1
1 0 0 0 1 0 0 0 1 1
1 0 1 1 1 1 0 0 0 3
1 0 0 0 0 1 1 1 1 1
1 1 1 1 1 1 0 0 1 0
0 1 0 0 0 0 0 1 1 1
1 1 1 1 1 1 1 1 1 0
0 0 0 0 0 0 0 1 1 1

Estado: 9
1 1 1 1 1 0 0 0 0 0
0 1 0 0 2 0 0 0 1 0
1 1 0 1 1 1 1 0 1 1
1 0 0 0 1 0 0 0 1 1
1 0 1 1 1 1 0 0 0 3
1 0 0 0 0 1 1 1 1 1
1 1 1 1 1 1 0 0 1 0
0 1 0 0 0 0 0 1 1 1
1 1 1 1 1 1 1 1 1 0
0 0 0 0 0 0 0 1 1 1

Estado: 11
1 1 1 1 1 0 0 0 0 0
0 1 0 0 1 0 0 0 1 0
1 1 0 1 2 1 1 0 1 1
1 0 0 0 1 0 0 0 1 1
1 0 1 1 1 1 0 0 0 3
1 0 0 0 0 1 1 1 1 1
1 1 1 1 1 1 0 0 1 0
0 1 0 0 0 0 0 1 1 1
1 1 1 1 1 1 1 1 1 0
0 0 0 0 0 0 0 1 1 1

Estado: 13
1 1 1 1 1 0 0 0 0 0
0 1 0 0 1 0 0 0 1 0
1 1 0 1 1 1 1 0 1 1
1 0 0 0 2 0 0 0 1 1
1 0 1 1 1 1 0 0 0 3
1 0 0 0 0 1 1 1 1 1
1 1 1 1 1 1 0 0 1 0
0 1 0 0 0 0 0 1 1 1
1 1 1 1 1 1 1 1 1 0
0 0 0 0 0 0 0 1 1 1

Estado: 17
1 1 1 1 1 0 0 0 0 0
0 1 0 0 1 0 0 0 1 0
1 1 0 1 1 1 1 0 1 1
1 0 0 0 1 0 0 0 1 1
1 0 1 1 2 1 0 0 0 3
1 0 0 0 0 1 1 1 1 1
1 1 1 1 1 1 0 0 1 0
0 1 0 0 0 0 0 1 1 1
1 1 1 1 1 1 1 1 1 0
0 0 0 0 0 0 0 1 1 1

Estado: 21
1 1 1 1 1 0 0 0 0 0
0 1 0 0 1 0 0 0 1 0
1 1 0 1 1 1 1 0 1 1
1 0 0 0 1 0 0 0 1 1
1 0 1 1 1 2 0 0 0 3
1 0 0 0 0 1 1 1 1 1
1 1 1 1 1 1 0 0 1 0
0 1 0 0 0 0 0 1 1 1
1 1 1 1 1 1 1 1 1 0
0 0 0 0 0 0 0 1 1 1

Estado: 25
1 1 1 1 1 0 0 0 0 0
0 1 0 0 1 0 0 0 1 0
1 1 0 1 1 1 1 0 1 1
1 0 0 0 1 0 0 0 1 1
1 0 1 1 1 1 0 0 0 3
1 0 0 0 0 2 1 1 1 1
1 1 1 1 1 1 0 0 1 0
0 1 0 0 0 0 0 1 1 1
1 1 1 1 1 1 1 1 1 0
0 0 0 0 0 0 0 1 1 1

Estado: 29
1 1 1 1 1 0 0 0 0 0
0 1 0 0 1 0 0 0 1 0
1 1 0 1 1 1 1 0 1 1
1 0 0 0 1 0 0 0 1 1
1 0 1 1 1 1 0 0 0 3
1 0 0 0 0 1 2 1 1 1
1 1 1 1 1 1 0 0 1 0
0 1 0 0 0 0 0 1 1 1
1 1 1 1 1 1 1 1 1 0
0 0 0 0 0 0 0 1 1 1

Estado: 33
1 1 1 1 1 0 0 0 0 0
0 1 0 0 1 0 0 0 1 0
1 1 0 1 1 1 1 0 1 1
1 0 0 0 1 0 0 0 1 1
1 0 1 1 1 1 0 0 0 3
1 0 0 0 0 1 1 2 1 1
1 1 1 1 1 1 0 0 1 0
0 1 0 0 0 0 0 1 1 1
1 1 1 1 1 1 1 1 1 0
0 0 0 0 0 0 0 1 1 1

Estado: 35
1 1 1 1 1 0 0 0 0 0
0 1 0 0 1 0 0 0 1 0
1 1 0 1 1 1 1 0 1 1
1 0 0 0 1 0 0 0 1 1
1 0 1 1 1 1 0 0 0 3
1 0 0 0 0 1 1 1 2 1
1 1 1 1 1 1 0 0 1 0
0 1 0 0 0 0 0 1 1 1
1 1 1 1 1 1 1 1 1 0
0 0 0 0 0 0 0 1 1 1

Estado: 38
1 1 1 1 1 0 0 0 0 0
0 1 0 0 1 0 0 0 1 0
1 1 0 1 1 1 1 0 1 1
1 0 0 0 1 0 0 0 1 1
1 0 1 1 1 1 0 0 0 3
1 0 0 0 0 1 1 1 1 2
1 1 1 1 1 1 0 0 1 0
0 1 0 0 0 0 0 1 1 1
1 1 1 1 1 1 1 1 1 0
0 0 0 0 0 0 0 1 1 1

Estado: 41
1 1 1 1 1 0 0 0 0 0
0 1 0 0 1 0 0 0 1 0
1 1 0 1 1 1 1 0 1 1
1 0 0 0 1 0 0 0 1 1
1 0 1 1 1 1 0 0 0 2
1 0 0 0 0 1 1 1 1 3
1 1 1 1 1 1 0 0 1 0
0 1 0 0 0 0 0 1 1 1
1 1 1 1 1 1 1 1 1 0
0 0 0 0 0 0 0 1 1 1

>> Numero de nos visitados: 46
>> Profundidade: 15
>> Custo da solucao: 16
