>> Solucao encontrada!

Estado: 0
2 1 1 1 0 1 0 0 0 0
0 0 0 1 1 1 1 1 0 0
1 1 0 1 0 0 0 1 1 1
0 1 0 0 0 0 0 0 1 1
0 1 1 1 0 1 0 0 0 3
0 0 0 0 0 1 1 1 0 1
1 1 1 1 0 1 0 1 0 1
1 0 0 1 1 1 0 1 0 0
0 1 1 1 0 0 0 1 1 1
0 0 0 0 0 0 1 1 1 0

Estado: 1
1 2 1 1 0 1 0 0 0 0
0 0 0 1 1 1 1 1 0 0
1 1 0 1 0 0 0 1 1 1
0 1 0 0 0 0 0 0 1 1
0 1 1 1 0 1 0 0 0 3
0 0 0 0 0 1 1 1 0 1
1 1 1 1 0 1 0 1 0 1
1 0 0 1 1 1 0 1 0 0
0 1 1 1 0 0 0 1 1 1
0 0 0 0 0 0 1 1 1 0

Estado: 2
1 1 2 1 0 1 0 0 0 0
0 0 0 1 1 1 1 1 0 0
1 1 0 1 0 0 0 1 1 1
0 1 0 0 0 0 0 0 1 1
0 1 1 1 0 1 0 0 0 3
0 0 0 0 0 1 1 1 0 1
1 1 1 1 0 1 0 1 0 1
1 0 0 1 1 1 0 1 0 0
0 1 1 1 0 0 0 1 1 1
0 0 0 0 0 0 1 1 1 0

Estado: 3
1 1 1 2 0 1 0 0 0 0
0 0 0 1 1 1 1 1 0 0
1 1 0 1 0 0 0 1 1 1
0 1 0 0 0 0 0 0 1 1
0 1 1 1 0 1 0 0 0 3
0 0 0 0 0 1 1 1 0 1
1 1 1 1 0 1 0 1 0 1
1 0 0 1 1 1 0 1 0 0
0 1 1 1 0 0 0 1 1 1
0 0 0 0 0 0 1 1 1 0

Estado: 4
1 1 1 1 0 1 0 0 0 0
0 0 0 2 1 1 1 1 0 0
1 1 0 1 0 0 0 1 1 1
0 1 0 0 0 0 0 0 1 1
0 1 1 1 0 1 0 0 0 3
0 0 0 0 0 1 1 1 0 1
1 1 1 1 0 1 0 1 0 1
1 0 0 1 1 1 0 1 0 0
0 1 1 1 0 0 0 1 1 1
0 0 0 0 0 0 1 1 1 0

Estado: 6
1 1 1 1 0 1 0 0 0 0
0 0 0 1 2 1 1 1 0 0
1 1 0 1 0 0 0 1 1 1
0 1 0 0 0 0 0 0 1 1
0 1 1 1 0 1 0 0 0 3
0 0 0 0 0 1 1 1 0 1
1 1 1 1 0 1 0 1 0 1
1 0 0 1 1 1 0 1 0 0
0 1 1 1 0 0 0 1 1 1
0 0 0 0 0 0 1 1 1 0

Estado: 7
1 1 1 1 0 1 0 0 0 0
0 0 0 1 1 2 1 1 0 0
1 1 0 1 0 0 0 1 1 1
0 1 0 0 0 0 0 0 1 1
0 1 1 1 0 1 0 0 0 3
0 0 0 0 0 1 1 1 0 1
1 1 1 1 0 1 0 1 0 1
1 0 0 1 1 1 0 1 0 0
0 1 1 1 0 0 0 1 1 1
0 0 0 0 0 0 1 1 1 0

Estado: 9
1 1 1 1 0 1 0 0 0 0
0 0 0 1 1 1 2 1 0 0
1 1 0 1 0 0 0 1 1 1
0 1 0 0 0 0 0 0 1 1
0 1 1 1 0 1 0 0 0 3
0 0 0 0 0 1 1 1 0 1
1 1 1 1 0 1 0 1 0 1
1 0 0 1 1 1 0 1 0 0
0 1 1 1 0 0 0 1 1 1
0 0 0 0 0 0 1 1 1 0

Estado: 10
1 1 1 1 0 1 0 0 0 0
0 0 0 1 1 1 1 2 0 0
1 1 0 1 0 0 0 1 1 1
0 1 0 0 0 0 0 0 1 1
0 1 1 1 0 1 0 0 0 3
0 0 0 0 0 1 1 1 0 1
1 1 1 1 0 1 0 1 0 1
1 0 0 1 1 1 0 1 0 0
0 1 1 1 0 0 0 1 1 1
0 0 0 0 0 0 1 1 1 0

Estado: 11
1 1 1 1 0 1 0 0 0 0
0 0 0 1 1 1 1 1 0 0
1 1 0 1 0 0 0 2 1 1
0 1 0 0 0 0 0 0 1 1
0 1 1 1 0 1 0 0 0 3
0 0 0 0 0 1 1 1 0 1
1 1 1 1 0 1 0 1 0 1
1 0 0 1 1 1 0 1 0 0
0 1 1 1 0 0 0 1 1 1
0 0 0 0 0 0 1 1 1 0

Estado: 12
1 1 1 1 0 1 0 0 0 0
0 0 0 1 1 1 1 1 0 0
1 1 0 1 0 0 0 1 2 1
0 1 0 0 0 0 0 0 1 1
0 1 1 1 0 1 0 0 0 3
0 0 0 0 0 1 1 1 0 1
1 1 1 1 0 1 0 1 0 1
1 0 0 1 1 1 0 1 0 0
0 1 1 1 0 0 0 1 1 1
0 0 0 0 0 0 1 1 1 0

Estado: 13
1 1 1 1 0 1 0 0 0 0
0 0 0 1 1 1 1 1 0 0
1 1 0 1 0 0 0 1 1 1
0 1 0 0 0 0 0 0 2 1
0 1 1 1 0 1 0 0 0 3
0 0 0 0 0 1 1 1 0 1
1 1 1 1 0 1 0 1 0 1
1 0 0 1 1 1 0 1 0 0
0 1 1 1 0 0 0 1 1 1
0 0 0 0 0 0 1 1 1 0

Estado: 15
1 1 1 1 0 1 0 0 0 0
0 0 0 1 1 1 1 1 0 0
1 1 0 1 0 0 0 1 1 1
0 1 0 0 0 0 0 0 1 2
0 1 1 1 0 1 0 0 0 3
0 0 0 0 0 1 1 1 0 1
1 1 1 1 0 1 0 1 0 1
1 0 0 1 1 1 0 1 0 0
0 1 1 1 0 0 0 1 1 1
0 0 0 0 0 0 1 1 1 0

Estado: 16
1 1 1 1 0 1 0 0 0 0
0 0 0 1 1 1 1 1 0 0
1 1 0 1 0 0 0 1 1 1
0 1 0 0 0 0 0 0 1 3
0 1 1 1 0 1 0 0 0 2
0 0 0 0 0 1 1 1 0 1
1 1 1 1 0 1 0 1 0 1
1 0 0 1 1 1 0 1 0 0
0 1 1 1 0 0 0 1 1 1
0 0 0 0 0 0 1 1 1 0

>> Numero de nos visitados: 17
>> Profundidade: 13
>> Custo da solucao: 14
