>> Solucao encontrada!

Estado: 0
2 1 0 0 0 0 1 1 0 0
0 1 1 1 1 1 0 0 0 0
0 1 0 1 0 1 0 1 1 1
0 1 0 0 0 1 0 0 0 1
1 1 1 1 1 1 0 0 0 3
1 1 0 0 0 1 0 1 0 1
0 0 0 1 1 1 0 1 1 1
0 1 1 1 0 1 0 0 1 1
0 0 0 0 0 1 1 1 1 1
1 1 0 0 1 0 0 0 1 0

Estado: 1
1 2 0 0 0 0 1 1 0 0
0 1 1 1 1 1 0 0 0 0
0 1 0 1 0 1 0 1 1 1
0 1 0 0 0 1 0 0 0 1
1 1 1 1 1 1 0 0 0 3
1 1 0 0 0 1 0 1 0 1
0 0 0 1 1 1 0 1 1 1
0 1 1 1 0 1 0 0 1 1
0 0 0 0 0 1 1 1 1 1
1 1 0 0 1 0 0 0 1 0

Estado: 2
1 1 0 0 0 0 1 1 0 0
0 2 1 1 1 1 0 0 0 0
0 1 0 1 0 1 0 1 1 1
0 1 0 0 0 1 0 0 0 1
1 1 1 1 1 1 0 0 0 3
1 1 0 0 0 1 0 1 0 1
0 0 0 1 1 1 0 1 1 1
0 1 1 1 0 1 0 0 1 1
0 0 0 0 0 1 1 1 1 1
1 1 0 0 1 0 0 0 1 0

Estado: 3
1 1 0 0 0 0 1 1 0 0
0 1 1 1 1 1 0 0 0 0
0 2 0 1 0 1 0 1 1 1
0 1 0 0 0 1 0 0 0 1
1 1 1 1 1 1 0 0 0 3
1 1 0 0 0 1 0 1 0 1
0 0 0 1 1 1 0 1 1 1
0 1 1 1 0 1 0 0 1 1
0 0 0 0 0 1 1 1 1 1
1 1 0 0 1 0 0 0 1 0

Estado: 5
1 1 0 0 0 0 1 1 0 0
0 1 1 1 1 1 0 0 0 0
0 1 0 1 0 1 0 1 1 1
0 2 0 0 0 1 0 0 0 1
1 1 1 1 1 1 0 0 0 3
1 1 0 0 0 1 0 1 0 1
0 0 0 1 1 1 0 1 1 1
0 1 1 1 0 1 0 0 1 1
0 0 0 0 0 1 1 1 1 1
1 1 0 0 1 0 0 0 1 0

Estado: 7
1 1 0 0 0 0 1 1 0 0
0 1 1 1 1 1 0 0 0 0
0 1 0 1 0 1 0 1 1 1
0 1 0 0 0 1 0 0 0 1
1 2 1 1 1 1 0 0 0 3
1 1 0 0 0 1 0 1 0 1
0 0 0 1 1 1 0 1 1 1
0 1 1 1 0 1 0 0 1 1
0 0 0 0 0 1 1 1 1 1
1 1 0 0 1 0 0 0 1 0

Estado: 12
1 1 0 0 0 0 1 1 0 0
0 1 1 1 1 1 0 0 0 0
0 1 0 1 0 1 0 1 1 1
0 1 0 0 0 1 0 0 0 1
1 1 2 1 1 1 0 0 0 3
1 1 0 0 0 1 0 1 0 1
0 0 0 1 1 1 0 1 1 1
0 1 1 1 0 1 0 0 1 1
0 0 0 0 0 1 1 1 1 1
1 1 0 0 1 0 0 0 1 0

Estado: 14
1 1 0 0 0 0 1 1 0 0
0 1 1 1 1 1 0 0 0 0
0 1 0 1 0 1 0 1 1 1
0 1 0 0 0 1 0 0 0 1
1 1 1 2 1 1 0 0 0 3
1 1 0 0 0 1 0 1 0 1
0 0 0 1 1 1 0 1 1 1
0 1 1 1 0 1 0 0 1 1
0 0 0 0 0 1 1 1 1 1
1 1 0 0 1 0 0 0 1 0

Estado: 17
1 1 0 0 0 0 1 1 0 0
0 1 1 1 1 1 0 0 0 0
0 1 0 1 0 1 0 1 1 1
0 1 0 0 0 1 0 0 0 1
1 1 1 1 2 1 0 0 0 3
1 1 0 0 0 1 0 1 0 1
0 0 0 1 1 1 0 1 1 1
0 1 1 1 0 1 0 0 1 1
0 0 0 0 0 1 1 1 1 1
1 1 0 0 1 0 0 0 1 0

Estado: 19
1 1 0 0 0 0 1 1 0 0
0 1 1 1 1 1 0 0 0 0
0 1 0 1 0 1 0 1 1 1
0 1 0 0 0 1 0 0 0 1
1 1 1 1 1 2 0 0 0 3
1 1 0 0 0 1 0 1 0 1
0 0 0 1 1 1 0 1 1 1
0 1 1 1 0 1 0 0 1 1
0 0 0 0 0 1 1 1 1 1
1 1 0 0 1 0 0 0 1 0

Estado: 20
1 1 0 0 0 0 1 1 0 0
0 1 1 1 1 1 0 0 0 0
0 1 0 1 0 1 0 1 1 1
0 1 0 0 0 1 0 0 0 1
1 1 1 1 1 1 0 0 0 3
1 1 0 0 0 2 0 1 0 1
0 0 0 1 1 1 0 1 1 1
0 1 1 1 0 1 0 0 1 1
0 0 0 0 0 1 1 1 1 1
1 1 0 0 1 0 0 0 1 0

Estado: 21
1 1 0 0 0 0 1 1 0 0
0 1 1 1 1 1 0 0 0 0
0 1 0 1 0 1 0 1 1 1
0 1 0 0 0 1 0 0 0 1
1 1 1 1 1 1 0 0 0 3
1 1 0 0 0 1 0 1 0 1
0 0 0 1 1 2 0 1 1 1
0 1 1 1 0 1 0 0 1 1
0 0 0 0 0 1 1 1 1 1
1 1 0 0 1 0 0 0 1 0

Estado: 22
1 1 0 0 0 0 1 1 0 0
0 1 1 1 1 1 0 0 0 0
0 1 0 1 0 1 0 1 1 1
0 1 0 0 0 1 0 0 0 1
1 1 1 1 1 1 0 0 0 3
1 1 0 0 0 1 0 1 0 1
0 0 0 1 1 1 0 1 1 1
0 1 1 1 0 2 0 0 1 1
0 0 0 0 0 1 1 1 1 1
1 1 0 0 1 0 0 0 1 0

Estado: 24
1 1 0 0 0 0 1 1 0 0
0 1 1 1 1 1 0 0 0 0
0 1 0 1 0 1 0 1 1 1
0 1 0 0 0 1 0 0 0 1
1 1 1 1 1 1 0 0 0 3
1 1 0 0 0 1 0 1 0 1
0 0 0 1 1 1 0 1 1 1
0 1 1 1 0 1 0 0 1 1
0 0 0 0 0 2 1 1 1 1
1 1 0 0 1 0 0 0 1 0

Estado: 26
1 1 0 0 0 0 1 1 0 0
0 1 1 1 1 1 0 0 0 0
0 1 0 1 0 1 0 1 1 1
0 1 0 0 0 1 0 0 0 1
1 1 1 1 1 1 0 0 0 3
1 1 0 0 0 1 0 1 0 1
0 0 0 1 1 1 0 1 1 1
0 1 1 1 0 1 0 0 1 1
0 0 0 0 0 1 2 1 1 1
1 1 0 0 1 0 0 0 1 0

Estado: 28
1 1 0 0 0 0 1 1 0 0
0 1 1 1 1 1 0 0 0 0
0 1 0 1 0 1 0 1 1 1
0 1 0 0 0 1 0 0 0 1
1 1 1 1 1 1 0 0 0 3
1 1 0 0 0 1 0 1 0 1
0 0 0 1 1 1 0 1 1 1
0 1 1 1 0 1 0 0 1 1
0 0 0 0 0 1 1 2 1 1
1 1 0 0 1 0 0 0 1 0

Estado: 30
1 1 0 0 0 0 1 1 0 0
0 1 1 1 1 1 0 0 0 0
0 1 0 1 0 1 0 1 1 1
0 1 0 0 0 1 0 0 0 1
1 1 1 1 1 1 0 0 0 3
1 1 0 0 0 1 0 1 0 1
0 0 0 1 1 1 0 1 1 1
0 1 1 1 0 1 0 0 1 1
0 0 0 0 0 1 1 1 2 1
1 1 0 0 1 0 0 0 1 0

Estado: 32
1 1 0 0 0 0 1 1 0 0
0 1 1 1 1 1 0 0 0 0
0 1 0 1 0 1 0 1 1 1
0 1 0 0 0 1 0 0 0 1
1 1 1 1 1 1 0 0 0 3
1 1 0 0 0 1 0 1 0 1
0 0 0 1 1 1 0 1 1 1
0 1 1 1 0 1 0 0 2 1
0 0 0 0 0 1 1 1 1 1
1 1 0 0 1 0 0 0 1 0

Estado: 36
1 1 0 0 0 0 1 1 0 0
0 1 1 1 1 1 0 0 0 0
0 1 0 1 0 1 0 1 1 1
0 1 0 0 0 1 0 0 0 1
1 1 1 1 1 1 0 0 0 3
1 1 0 0 0 1 0 1 0 1
0 0 0 1 1 1 0 1 1 1
0 1 1 1 0 1 0 0 1 2
0 0 0 0 0 1 1 1 1 1
1 1 0 0 1 0 0 0 1 0

Estado: 37
1 1 0 0 0 0 1 1 0 0
0 1 1 1 1 1 0 0 0 0
0 1 0 1 0 1 0 1 1 1
0 1 0 0 0 1 0 0 0 1
1 1 1 1 1 1 0 0 0 3
1 1 0 0 0 1 0 1 0 1
0 0 0 1 1 1 0 1 1 2
0 1 1 1 0 1 0 0 1 1
0 0 0 0 0 1 1 1 1 1
1 1 0 0 1 0 0 0 1 0

Estado: 39
1 1 0 0 0 0 1 1 0 0
0 1 1 1 1 1 0 0 0 0
0 1 0 1 0 1 0 1 1 1
0 1 0 0 0 1 0 0 0 1
1 1 1 1 1 1 0 0 0 3
1 1 0 0 0 1 0 1 0 2
0 0 0 1 1 1 0 1 1 1
0 1 1 1 0 1 0 0 1 1
0 0 0 0 0 1 1 1 1 1
1 1 0 0 1 0 0 0 1 0

Estado: 41
1 1 0 0 0 0 1 1 0 0
0 1 1 1 1 1 0 0 0 0
0 1 0 1 0 1 0 1 1 1
0 1 0 0 0 1 0 0 0 1
1 1 1 1 1 1 0 0 0 2
1 1 0 0 0 1 0 1 0 3
0 0 0 1 1 1 0 1 1 1
0 1 1 1 0 1 0 0 1 1
0 0 0 0 0 1 1 1 1 1
1 1 0 0 1 0 0 0 1 0

>> Numero de nos visitados: 42
>> Profundidade: 21
>> Custo da solucao: 22
