>> Solucao encontrada!

Estado: 0
2 1 1 1 1 0 0 0 0 0
0 1 0 0 1 0 0 0 1 0
1 1 0 1 1 1 1 0 1 1
1 0 0 0 1 0 0 0 1 1
1 0 1 1 1 1 0 0 0 3
1 0 0 0 0 1 1 1 1 1
1 1 1 1 1 1 0 0 1 0
0 1 0 0 0 0 0 1 1 1
1 1 1 1 1 1 1 1 1 0
0 0 0 0 0 0 0 1 1 1

Estado: 1
1 2 1 1 1 0 0 0 0 0
0 1 0 0 1 0 0 0 1 0
1 1 0 1 1 1 1 0 1 1
1 0 0 0 1 0 0 0 1 1
1 0 1 1 1 1 0 0 0 3
1 0 0 0 0 1 1 1 1 1
1 1 1 1 1 1 0 0 1 0
0 1 0 0 0 0 0 1 1 1
1 1 1 1 1 1 1 1 1 0
0 0 0 0 0 0 0 1 1 1

Estado: 3
1 1 2 1 1 0 0 0 0 0
0 1 0 0 1 0 0 0 1 0
1 1 0 1 1 1 1 0 1 1
1 0 0 0 1 0 0 0 1 1
1 0 1 1 1 1 0 0 0 3
1 0 0 0 0 1 1 1 1 1
1 1 1 1 1 1 0 0 1 0
0 1 0 0 0 0 0 1 1 1
1 1 1 1 1 1 1 1 1 0
0 0 0 0 0 0 0 1 1 1

Estado: 5
1 1 1 2 1 0 0 0 0 0
0 1 0 0 1 0 0 0 1 0
1 1 0 1 1 1 1 0 1 1
1 0 0 0 1 0 0 0 1 1
1 0 1 1 1 1 0 0 0 3
1 0 0 0 0 1 1 1 1 1
1 1 1 1 1 1 0 0 1 0
0 1 0 0 0 0 0 1 1 1
1 1 1 1 1 1 1 1 1 0
0 0 0 0 0 0 0 1 1 1

Estado: 7
1 1 1 1 2 0 0 0 0 0
0 1 0 0 1 0 0 0 1 0
1 1 0 1 1 1 1 0 1 1
1 0 0 0 1 0 0 0 1 1
1 0 1 1 1 1 0 0 0 3
1 0 0 0 0 1 1 1 1 1
1 1 1 1 1 1 0 0 1 0
0 1 0 0 0 0 0 1 1 1
1 1 1 1 1 1 1 1 1 0
0 0 0 0 0 0 0 1 1 1

Estado: 8
1 1 1 1 1 0 0 0 0 0
0 1 0 0 2 0 0 0 1 0
1 1 0 1 1 1 1 0 1 1
1 0 0 0 1 0 0 0 1 1
1 0 1 1 1 1 0 0 0 3
1 0 0 0 0 1 1 1 1 1
1 1 1 1 1 1 0 0 1 0
0 1 0 0 0 0 0 1 1 1
1 1 1 1 1 1 1 1 1 0
0 0 0 0 0 0 0 1 1 1

Estado: 10
1 1 1 1 1 0 0 0 0 0
0 1 0 0 1 0 0 0 1 0
1 1 0 1 2 1 1 0 1 1
1 0 0 0 1 0 0 0 1 1
1 0 1 1 1 1 0 0 0 3
1 0 0 0 0 1 1 1 1 1
1 1 1 1 1 1 0 0 1 0
0 1 0 0 0 0 0 1 1 1
1 1 1 1 1 1 1 1 1 0
0 0 0 0 0 0 0 1 1 1

Estado: 12
1 1 1 1 1 0 0 0 0 0
0 1 0 0 1 0 0 0 1 0
1 1 0 1 1 1 1 0 1 1
1 0 0 0 2 0 0 0 1 1
1 0 1 1 1 1 0 0 0 3
1 0 0 0 0 1 1 1 1 1
1 1 1 1 1 1 0 0 1 0
0 1 0 0 0 0 0 1 1 1
1 1 1 1 1 1 1 1 1 0
0 0 0 0 0 0 0 1 1 1

Estado: 16
1 1 1 1 1 0 0 0 0 0
0 1 0 0 1 0 0 0 1 0
1 1 0 1 1 1 1 0 1 1
1 0 0 0 1 0 0 0 1 1
1 0 1 1 2 1 0 0 0 3
1 0 0 0 0 1 1 1 1 1
1 1 1 1 1 1 0 0 1 0
0 1 0 0 0 0 0 1 1 1
1 1 1 1 1 1 1 1 1 0
0 0 0 0 0 0 0 1 1 1

Estado: 19
1 1 1 1 1 0 0 0 0 0
0 1 0 0 1 0 0 0 1 0
1 1 0 1 1 1 1 0 1 1
1 0 0 0 1 0 0 0 1 1
1 0 1 1 1 2 0 0 0 3
1 0 0 0 0 1 1 1 1 1
1 1 1 1 1 1 0 0 1 0
0 1 0 0 0 0 0 1 1 1
1 1 1 1 1 1 1 1 1 0
0 0 0 0 0 0 0 1 1 1

Estado: 21
1 1 1 1 1 0 0 0 0 0
0 1 0 0 1 0 0 0 1 0
1 1 0 1 1 1 1 0 1 1
1 0 0 0 1 0 0 0 1 1
1 0 1 1 1 1 0 0 0 3
1 0 0 0 0 2 1 1 1 1
1 1 1 1 1 1 0 0 1 0
0 1 0 0 0 0 0 1 1 1
1 1 1 1 1 1 1 1 1 0
0 0 0 0 0 0 0 1 1 1

Estado: 24
1 1 1 1 1 0 0 0 0 0
0 1 0 0 1 0 0 0 1 0
1 1 0 1 1 1 1 0 1 1
1 0 0 0 1 0 0 0 1 1
1 0 1 1 1 1 0 0 0 3
1 0 0 0 0 1 2 1 1 1
1 1 1 1 1 1 0 0 1 0
0 1 0 0 0 0 0 1 1 1
1 1 1 1 1 1 1 1 1 0
0 0 0 0 0 0 0 1 1 1

Estado: 26
1 1 1 1 1 0 0 0 0 0
0 1 0 0 1 0 0 0 1 0
1 1 0 1 1 1 1 0 1 1
1 0 0 0 1 0 0 0 1 1
1 0 1 1 1 1 0 0 0 3
1 0 0 0 0 1 1 2 1 1
1 1 1 1 1 1 0 0 1 0
0 1 0 0 0 0 0 1 1 1
1 1 1 1 1 1 1 1 1 0
0 0 0 0 0 0 0 1 1 1

Estado: 28
1 1 1 1 1 0 0 0 0 0
0 1 0 0 1 0 0 0 1 0
1 1 0 1 1 1 1 0 1 1
1 0 0 0 1 0 0 0 1 1
1 0 1 1 1 1 0 0 0 3
1 0 0 0 0 1 1 1 2 1
1 1 1 1 1 1 0 0 1 0
0 1 0 0 0 0 0 1 1 1
1 1 1 1 1 1 1 1 1 0
0 0 0 0 0 0 0 1 1 1

Estado: 30
1 1 1 1 1 0 0 0 0 0
0 1 0 0 1 0 0 0 1 0
1 1 0 1 1 1 1 0 1 1
1 0 0 0 1 0 0 0 1 1
1 0 1 1 1 1 0 0 0 3
1 0 0 0 0 1 1 1 1 2
1 1 1 1 1 1 0 0 1 0
0 1 0 0 0 0 0 1 1 1
1 1 1 1 1 1 1 1 1 0
0 0 0 0 0 0 0 1 1 1

Estado: 31
1 1 1 1 1 0 0 0 0 0
0 1 0 0 1 0 0 0 1 0
1 1 0 1 1 1 1 0 1 1
1 0 0 0 1 0 0 0 1 1
1 0 1 1 1 1 0 0 0 2
1 0 0 0 0 1 1 1 1 3
1 1 1 1 1 1 0 0 1 0
0 1 0 0 0 0 0 1 1 1
1 1 1 1 1 1 1 1 1 0
0 0 0 0 0 0 0 1 1 1

>> Numero de nos visitados: 50
>> Profundidade: 15
>> Custo da solucao: 16
