>> Solucao encontrada!

Estado: 0
2 0 1 0 0 1 0
1 1 1 1 1 1 1
1 0 0 0 0 0 1
1 1 1 1 1 0 1
0 0 0 0 1 0 1
1 1 0 1 1 0 1
0 0 0 1 0 0 3

Estado: 1
1 0 1 0 0 1 0
2 1 1 1 1 1 1
1 0 0 0 0 0 1
1 1 1 1 1 0 1
0 0 0 0 1 0 1
1 1 0 1 1 0 1
0 0 0 1 0 0 3

Estado: 3
1 0 1 0 0 1 0
1 2 1 1 1 1 1
1 0 0 0 0 0 1
1 1 1 1 1 0 1
0 0 0 0 1 0 1
1 1 0 1 1 0 1
0 0 0 1 0 0 3

Estado: 5
1 0 1 0 0 1 0
1 1 2 1 1 1 1
1 0 0 0 0 0 1
1 1 1 1 1 0 1
0 0 0 0 1 0 1
1 1 0 1 1 0 1
0 0 0 1 0 0 3

Estado: 8
1 0 1 0 0 1 0
1 1 1 2 1 1 1
1 0 0 0 0 0 1
1 1 1 1 1 0 1
0 0 0 0 1 0 1
1 1 0 1 1 0 1
0 0 0 1 0 0 3

Estado: 10
1 0 1 0 0 1 0
1 1 1 1 2 1 1
1 0 0 0 0 0 1
1 1 1 1 1 0 1
0 0 0 0 1 0 1
1 1 0 1 1 0 1
0 0 0 1 0 0 3

Estado: 12
1 0 1 0 0 1 0
1 1 1 1 1 2 1
1 0 0 0 0 0 1
1 1 1 1 1 0 1
0 0 0 0 1 0 1
1 1 0 1 1 0 1
0 0 0 1 0 0 3

Estado: 15
1 0 1 0 0 1 0
1 1 1 1 1 1 2
1 0 0 0 0 0 1
1 1 1 1 1 0 1
0 0 0 0 1 0 1
1 1 0 1 1 0 1
0 0 0 1 0 0 3

Estado: 17
1 0 1 0 0 1 0
1 1 1 1 1 1 1
1 0 0 0 0 0 2
1 1 1 1 1 0 1
0 0 0 0 1 0 1
1 1 0 1 1 0 1
0 0 0 1 0 0 3

Estado: 19
1 0 1 0 0 1 0
1 1 1 1 1 1 1
1 0 0 0 0 0 1
1 1 1 1 1 0 2
0 0 0 0 1 0 1
1 1 0 1 1 0 1
0 0 0 1 0 0 3

Estado: 21
1 0 1 0 0 1 0
1 1 1 1 1 1 1
1 0 0 0 0 0 1
1 1 1 1 1 0 1
0 0 0 0 1 0 2
1 1 0 1 1 0 1
0 0 0 1 0 0 3

Estado: 22
1 0 1 0 0 1 0
1 1 1 1 1 1 1
1 0 0 0 0 0 1
1 1 1 1 1 0 1
0 0 0 0 1 0 1
1 1 0 1 1 0 2
0 0 0 1 0 0 3

Estado: 24
1 0 1 0 0 1 0
1 1 1 1 1 1 1
1 0 0 0 0 0 1
1 1 1 1 1 0 1
0 0 0 0 1 0 1
1 1 0 1 1 0 3
0 0 0 1 0 0 2

>> Numero de nos visitados: 25
>> Profundidade: 12
>> Custo da solucao: 13
