>> Solucao encontrada!

Estado: 0
2 0 0 0 1 1 0 0
1 1 1 1 1 1 0 0
0 0 0 0 1 0 1 1
1 1 1 0 1 0 0 1
0 0 1 1 1 1 1 1
1 1 0 0 0 0 0 1
0 0 0 1 1 1 1 1
0 0 0 0 0 0 0 3

Estado: 1
1 0 0 0 1 1 0 0
2 1 1 1 1 1 0 0
0 0 0 0 1 0 1 1
1 1 1 0 1 0 0 1
0 0 1 1 1 1 1 1
1 1 0 0 0 0 0 1
0 0 0 1 1 1 1 1
0 0 0 0 0 0 0 3

Estado: 2
1 0 0 0 1 1 0 0
1 2 1 1 1 1 0 0
0 0 0 0 1 0 1 1
1 1 1 0 1 0 0 1
0 0 1 1 1 1 1 1
1 1 0 0 0 0 0 1
0 0 0 1 1 1 1 1
0 0 0 0 0 0 0 3

Estado: 3
1 0 0 0 1 1 0 0
1 1 2 1 1 1 0 0
0 0 0 0 1 0 1 1
1 1 1 0 1 0 0 1
0 0 1 1 1 1 1 1
1 1 0 0 0 0 0 1
0 0 0 1 1 1 1 1
0 0 0 0 0 0 0 3

Estado: 4
1 0 0 0 1 1 0 0
1 1 1 2 1 1 0 0
0 0 0 0 1 0 1 1
1 1 1 0 1 0 0 1
0 0 1 1 1 1 1 1
1 1 0 0 0 0 0 1
0 0 0 1 1 1 1 1
0 0 0 0 0 0 0 3

Estado: 5
1 0 0 0 1 1 0 0
1 1 1 1 2 1 0 0
0 0 0 0 1 0 1 1
1 1 1 0 1 0 0 1
0 0 1 1 1 1 1 1
1 1 0 0 0 0 0 1
0 0 0 1 1 1 1 1
0 0 0 0 0 0 0 3

Estado: 7
1 0 0 0 1 1 0 0
1 1 1 1 1 1 0 0
0 0 0 0 2 0 1 1
1 1 1 0 1 0 0 1
0 0 1 1 1 1 1 1
1 1 0 0 0 0 0 1
0 0 0 1 1 1 1 1
0 0 0 0 0 0 0 3

Estado: 10
1 0 0 0 1 1 0 0
1 1 1 1 1 1 0 0
0 0 0 0 1 0 1 1
1 1 1 0 2 0 0 1
0 0 1 1 1 1 1 1
1 1 0 0 0 0 0 1
0 0 0 1 1 1 1 1
0 0 0 0 0 0 0 3

Estado: 11
1 0 0 0 1 1 0 0
1 1 1 1 1 1 0 0
0 0 0 0 1 0 1 1
1 1 1 0 1 0 0 1
0 0 1 1 2 1 1 1
1 1 0 0 0 0 0 1
0 0 0 1 1 1 1 1
0 0 0 0 0 0 0 3

Estado: 13
1 0 0 0 1 1 0 0
1 1 1 1 1 1 0 0
0 0 0 0 1 0 1 1
1 1 1 0 1 0 0 1
0 0 1 1 1 2 1 1
1 1 0 0 0 0 0 1
0 0 0 1 1 1 1 1
0 0 0 0 0 0 0 3

Estado: 15
1 0 0 0 1 1 0 0
1 1 1 1 1 1 0 0
0 0 0 0 1 0 1 1
1 1 1 0 1 0 0 1
0 0 1 1 1 1 2 1
1 1 0 0 0 0 0 1
0 0 0 1 1 1 1 1
0 0 0 0 0 0 0 3

Estado: 17
1 0 0 0 1 1 0 0
1 1 1 1 1 1 0 0
0 0 0 0 1 0 1 1
1 1 1 0 1 0 0 1
0 0 1 1 1 1 1 2
1 1 0 0 0 0 0 1
0 0 0 1 1 1 1 1
0 0 0 0 0 0 0 3

Estado: 20
1 0 0 0 1 1 0 0
1 1 1 1 1 1 0 0
0 0 0 0 1 0 1 1
1 1 1 0 1 0 0 1
0 0 1 1 1 1 1 1
1 1 0 0 0 0 0 2
0 0 0 1 1 1 1 1
0 0 0 0 0 0 0 3

Estado: 23
1 0 0 0 1 1 0 0
1 1 1 1 1 1 0 0
0 0 0 0 1 0 1 1
1 1 1 0 1 0 0 1
0 0 1 1 1 1 1 1
1 1 0 0 0 0 0 1
0 0 0 1 1 1 1 2
0 0 0 0 0 0 0 3

Estado: 25
1 0 0 0 1 1 0 0
1 1 1 1 1 1 0 0
0 0 0 0 1 0 1 1
1 1 1 0 1 0 0 1
0 0 1 1 1 1 1 1
1 1 0 0 0 0 0 1
0 0 0 1 1 1 1 3
0 0 0 0 0 0 0 2

>> Numero de nos visitados: 27
>> Profundidade: 14
>> Custo da solucao: 15
