>> Solucao encontrada!

Estado: 0
2 1 1 1 1 1
1 0 0 0 0 1
1 0 1 1 0 1
1 1 1 0 0 1
0 0 0 1 1 1
0 0 0 1 0 3

Estado: 8
1 2 1 1 1 1
1 0 0 0 0 1
1 0 1 1 0 1
1 1 1 0 0 1
0 0 0 1 1 1
0 0 0 1 0 3

Estado: 9
1 1 2 1 1 1
1 0 0 0 0 1
1 0 1 1 0 1
1 1 1 0 0 1
0 0 0 1 1 1
0 0 0 1 0 3

Estado: 10
1 1 1 2 1 1
1 0 0 0 0 1
1 0 1 1 0 1
1 1 1 0 0 1
0 0 0 1 1 1
0 0 0 1 0 3

Estado: 11
1 1 1 1 2 1
1 0 0 0 0 1
1 0 1 1 0 1
1 1 1 0 0 1
0 0 0 1 1 1
0 0 0 1 0 3

Estado: 12
1 1 1 1 1 2
1 0 0 0 0 1
1 0 1 1 0 1
1 1 1 0 0 1
0 0 0 1 1 1
0 0 0 1 0 3

Estado: 13
1 1 1 1 1 1
1 0 0 0 0 2
1 0 1 1 0 1
1 1 1 0 0 1
0 0 0 1 1 1
0 0 0 1 0 3

Estado: 14
1 1 1 1 1 1
1 0 0 0 0 1
1 0 1 1 0 2
1 1 1 0 0 1
0 0 0 1 1 1
0 0 0 1 0 3

Estado: 15
1 1 1 1 1 1
1 0 0 0 0 1
1 0 1 1 0 1
1 1 1 0 0 2
0 0 0 1 1 1
0 0 0 1 0 3

Estado: 16
1 1 1 1 1 1
1 0 0 0 0 1
1 0 1 1 0 1
1 1 1 0 0 1
0 0 0 1 1 2
0 0 0 1 0 3

Estado: 17
1 1 1 1 1 1
1 0 0 0 0 1
1 0 1 1 0 1
1 1 1 0 0 1
0 0 0 1 1 3
0 0 0 1 0 2

>> Numero de nos visitados: 19
>> Profundidade: 10
>> Custo da solucao: 11
