Teste 1: 
>> Estado: 1
5 4 0 
6 1 8 
7 3 2 

>> Estado: 2
5 4 8 
6 1 0 
7 3 2 

>> Estado: 3
5 0 4 
6 1 8 
7 3 2 

>> Estado: 4
5 1 4 
6 0 8 
7 3 2 

>> Estado: 5
5 1 4 
6 3 8 
7 0 2 

>> Estado: 6
5 1 4 
6 3 8 
0 7 2 

>> Estado: 7
5 1 4 
0 3 8 
6 7 2 

>> Estado: 8
0 1 4 
5 3 8 
6 7 2 

>> Estado: 9
1 0 4 
5 3 8 
6 7 2 

>> Estado: 10
1 3 4 
5 0 8 
6 7 2 

>> Estado: 11
1 3 4 
0 5 8 
6 7 2 

>> Estado: 12
1 4 0 
5 3 8 
6 7 2 

>> Estado: 13
1 3 4 
6 5 8 
0 7 2 

>> Estado: 14
1 4 8 
5 3 0 
6 7 2 

>> Estado: 15
1 4 8 
5 0 3 
6 7 2 

>> Estado: 16
1 0 8 
5 4 3 
6 7 2 

>> Estado: 17
1 4 8 
0 5 3 
6 7 2 

>> Estado: 18
1 3 4 
6 5 8 
7 0 2 

>> Estado: 19
1 4 8 
5 7 3 
6 0 2 

>> Estado: 20
0 1 8 
5 4 3 
6 7 2 

>> Estado: 21
1 4 8 
6 5 3 
0 7 2 

>> Estado: 22
1 4 8 
5 3 2 
6 7 0 

>> Estado: 23
1 4 8 
5 7 3 
6 2 0 

>> Estado: 24
5 1 8 
0 4 3 
6 7 2 

>> Estado: 25
5 1 8 
4 0 3 
6 7 2 

>> Estado: 26
1 4 8 
5 3 2 
6 0 7 

>> Estado: 27
1 4 8 
5 7 0 
6 2 3 

>> Estado: 28
5 1 8 
4 3 0 
6 7 2 

>> Estado: 29
1 4 8 
5 0 7 
6 2 3 

>> Estado: 30
5 1 0 
4 3 8 
6 7 2 

>> Estado: 31
5 1 8 
4 3 2 
6 7 0 

>> Estado: 32
1 0 8 
5 4 7 
6 2 3 

>> Estado: 33
1 4 8 
5 2 7 
6 0 3 

>> Estado: 34
1 4 8 
0 5 7 
6 2 3 

>> Estado: 35
5 0 1 
4 3 8 
6 7 2 

>> Estado: 36
5 3 1 
4 0 8 
6 7 2 

>> Estado: 37
5 1 8 
4 3 2 
6 0 7 

>> Estado: 38
0 5 1 
4 3 8 
6 7 2 

>> Estado: 39
5 3 1 
4 7 8 
6 0 2 

>> Estado: 40
5 3 1 
4 8 0 
6 7 2 

>> Estado: 41
4 5 1 
0 3 8 
6 7 2 

>> Estado: 42
5 3 1 
4 7 8 
6 2 0 

>> Estado: 43
5 3 1 
4 7 0 
6 2 8 

>> Estado: 44
5 3 1 
4 0 7 
6 2 8 

>> Estado: 45
5 3 1 
4 2 7 
6 0 8 

>> Estado: 46
1 4 8 
6 5 3 
7 0 2 

>> Estado: 47
4 5 1 
3 0 8 
6 7 2 

>> Estado: 48
5 3 1 
4 8 2 
6 7 0 

>> Estado: 49
1 4 8 
5 0 2 
6 3 7 

>> Estado: 50
5 3 1 
0 4 7 
6 2 8 

>> Estado: 51
5 3 1 
4 2 7 
6 8 0 

>> Estado: 52
5 3 1 
4 2 0 
6 8 7 

>> Estado: 53
5 3 1 
4 0 2 
6 8 7 

>> Estado: 54
1 4 8 
6 5 3 
7 2 0 

>> Estado: 55
5 0 1 
4 3 2 
6 8 7 

>> Estado: 56
5 3 1 
0 4 2 
6 8 7 

>> Estado: 57
1 4 8 
6 5 0 
7 2 3 

>> Estado: 58
1 4 8 
6 0 5 
7 2 3 

>> Estado: 59
1 0 8 
6 4 5 
7 2 3 

>> Estado: 60
1 4 8 
6 2 5 
7 0 3 

>> Estado: 61
1 4 8 
6 2 5 
0 7 3 

>> Estado: 62
1 4 8 
0 2 5 
6 7 3 

>> Estado: 63
1 4 8 
2 0 5 
6 7 3 

>> Estado: 64
1 0 8 
2 4 5 
6 7 3 

>> Estado: 65
0 4 8 
1 2 5 
6 7 3 

>> Estado: 66
4 0 8 
1 2 5 
6 7 3 

>> Estado: 67
4 2 8 
1 0 5 
6 7 3 

>> Estado: 68
4 2 8 
1 7 5 
6 0 3 

>> Estado: 69
4 2 8 
0 1 5 
6 7 3 

>> Estado: 70
4 2 8 
1 5 0 
6 7 3 

>> Estado: 71
0 2 8 
4 1 5 
6 7 3 

>> Estado: 72
4 2 0 
1 5 8 
6 7 3 

>> Estado: 73
4 2 8 
1 5 3 
6 7 0 

>> Estado: 74
2 0 8 
4 1 5 
6 7 3 

>> Estado: 75
2 1 8 
4 0 5 
6 7 3 

>> Estado: 76
4 0 2 
1 5 8 
6 7 3 

>> Estado: 77
4 2 8 
1 5 3 
6 0 7 

>> Estado: 78
2 1 8 
4 7 5 
6 0 3 

>> Estado: 79
2 1 8 
0 4 5 
6 7 3 

>> Estado: 80
2 1 8 
4 5 0 
6 7 3 

>> Estado: 81
4 5 2 
1 0 8 
6 7 3 

>> Estado: 82
4 2 8 
1 0 3 
6 5 7 

>> Estado: 83
2 1 0 
4 5 8 
6 7 3 

>> Estado: 84
2 1 8 
4 5 3 
6 7 0 

>> Estado: 85
2 0 1 
4 5 8 
6 7 3 

>> Estado: 86
2 1 8 
4 5 3 
6 0 7 

>> Estado: 87
2 5 1 
4 0 8 
6 7 3 

>> Estado: 88
0 2 1 
4 5 8 
6 7 3 

>> Estado: 89
2 1 8 
4 0 3 
6 5 7 

>> Estado: 90
4 2 1 
0 5 8 
6 7 3 

>> Estado: 91
4 2 1 
5 0 8 
6 7 3 

>> Estado: 92
1 4 8 
2 5 0 
6 7 3 

>> Estado: 93
1 8 0 
2 4 5 
6 7 3 

>> Estado: 94
4 2 8 
1 7 5 
0 6 3 

>> Estado: 95
4 8 0 
1 2 5 
6 7 3 

>> Estado: 96
0 1 8 
2 4 5 
6 7 3 

>> Estado: 97
1 4 8 
2 5 3 
6 7 0 

>> Estado: 98
1 8 5 
2 4 0 
6 7 3 

>> Estado: 99
4 2 8 
0 7 5 
1 6 3 

>> Estado: 100
4 8 5 
1 2 0 
6 7 3 

>> Estado: 101
1 4 0 
2 5 8 
6 7 3 

>> Estado: 102
1 4 8 
2 5 3 
6 0 7 

>> Estado: 103
1 8 5 
2 0 4 
6 7 3 

>> Estado: 104
1 0 4 
2 5 8 
6 7 3 

>> Estado: 105
1 4 8 
2 7 5 
6 0 3 

>> Estado: 106
2 5 1 
0 4 8 
6 7 3 

>> Estado: 107
4 2 8 
7 0 5 
1 6 3 

>> Estado: 108
1 8 5 
0 2 4 
6 7 3 

>> Estado: 109
1 5 4 
2 0 8 
6 7 3 

>> Estado: 110
4 8 5 
1 2 3 
6 7 0 

>> Estado: 111
1 5 4 
0 2 8 
6 7 3 

>> Estado: 112
4 8 5 
1 2 3 
6 0 7 

>> Estado: 113
1 0 5 
2 8 4 
6 7 3 

>> Estado: 114
4 8 5 
1 0 3 
6 2 7 

>> Estado: 115
4 8 5 
1 0 2 
6 7 3 

>> Estado: 116
4 0 5 
1 8 3 
6 2 7 

>> Estado: 117
4 0 5 
1 8 2 
6 7 3 

>> Estado: 118
1 4 8 
2 0 3 
6 5 7 

>> Estado: 119
2 5 1 
4 8 0 
6 7 3 

>> Estado: 120
1 0 8 
2 4 3 
6 5 7 

>> Estado: 121
1 4 8 
0 2 3 
6 5 7 

>> Estado: 122
2 5 1 
4 8 3 
6 7 0 

>> Estado: 123
2 0 8 
4 1 3 
6 5 7 

>> Estado: 124
2 5 1 
4 8 3 
6 0 7 

>> Estado: 125
2 5 1 
4 0 3 
6 8 7 

>> Estado: 126
2 0 1 
4 5 3 
6 8 7 

>> Estado: 127
0 2 1 
4 5 3 
6 8 7 

>> Estado: 128
2 1 0 
4 5 3 
6 8 7 

>> Estado: 129
2 1 3 
4 5 0 
6 8 7 

>> Estado: 130
2 1 3 
4 0 5 
6 8 7 

>> Estado: 131
2 0 3 
4 1 5 
6 8 7 

>> Estado: 132
2 1 3 
4 8 5 
6 0 7 

>> Estado: 133
2 1 3 
0 4 5 
6 8 7 

>> Estado: 134
0 2 3 
4 1 5 
6 8 7 

>> Estado: 135
2 1 3 
4 8 5 
6 7 0 

>> Estado: 136
4 2 3 
0 1 5 
6 8 7 

>> Estado: 137
4 2 3 
1 0 5 
6 8 7 

>> Estado: 138
2 1 3 
4 8 0 
6 7 5 

>> Estado: 139
2 1 3 
4 0 8 
6 7 5 

>> Estado: 140
4 2 3 
1 8 5 
6 0 7 

>> Estado: 141
4 0 3 
1 2 5 
6 8 7 

>> Estado: 142
4 2 3 
1 5 0 
6 8 7 

>> Estado: 143
2 0 3 
4 1 8 
6 7 5 

>> Estado: 144
2 1 3 
4 7 8 
6 0 5 

>> Estado: 145
2 1 3 
0 4 8 
6 7 5 

>> Estado: 146
4 2 3 
1 8 5 
6 7 0 

>> Estado: 147
0 2 3 
4 1 8 
6 7 5 

>> Estado: 148
4 2 3 
1 8 0 
6 7 5 

>> Estado: 149
4 2 3 
1 0 8 
6 7 5 

>> Estado: 150
4 2 3 
0 1 8 
6 7 5 

>> Estado: 151
4 0 3 
1 2 8 
6 7 5 

>> Estado: 152
4 2 3 
1 7 8 
6 0 5 

>> Estado: 153
4 2 1 
0 5 3 
6 8 7 

>> Estado: 154
2 1 3 
4 5 7 
6 8 0 

>> Estado: 155
2 1 3 
4 5 7 
6 0 8 

>> Estado: 156
2 1 3 
4 0 7 
6 5 8 

>> Estado: 157
2 1 3 
4 7 0 
6 5 8 

>> Estado: 158
4 2 3 
1 7 8 
6 5 0 

>> Estado: 159
4 2 3 
1 7 0 
6 5 8 

>> Estado: 160
4 2 3 
1 0 7 
6 5 8 

>> Estado: 161
4 2 3 
1 5 7 
6 0 8 

>> Estado: 162
2 1 3 
4 5 7 
0 6 8 

>> Estado: 163
4 2 1 
5 0 3 
6 8 7 

>> Estado: 164
2 1 3 
4 8 5 
0 6 7 

>> Estado: 165
2 3 0 
4 1 5 
6 8 7 

>> Estado: 166
4 2 3 
6 1 5 
0 8 7 

>> Estado: 167
4 2 3 
0 1 7 
6 5 8 

>> Estado: 168
4 2 3 
1 5 7 
0 6 8 

>> Estado: 169
2 1 3 
0 5 7 
4 6 8 

>> Estado: 170
2 1 3 
0 8 5 
4 6 7 

>> Estado: 171
2 3 5 
4 1 0 
6 8 7 

>> Estado: 172
4 2 3 
6 1 5 
8 0 7 

>> Estado: 173
0 2 3 
4 1 7 
6 5 8 

>> Estado: 174
2 1 3 
5 0 7 
4 6 8 

>> Estado: 175
2 1 3 
8 0 5 
4 6 7 

>> Estado: 176
2 3 5 
4 0 1 
6 8 7 

>> Estado: 177
4 2 3 
6 0 5 
8 1 7 

>> Estado: 178
4 2 3 
6 1 5 
8 7 0 

>> Estado: 179
2 1 3 
5 7 0 
4 6 8 

>> Estado: 180
4 2 3 
0 5 7 
1 6 8 

>> Estado: 181
4 2 3 
6 1 0 
8 7 5 

>> Estado: 182
2 1 3 
6 4 5 
0 8 7 

>> Estado: 183
0 2 3 
4 5 7 
1 6 8 

>> Estado: 184
4 2 3 
5 0 7 
1 6 8 

>> Estado: 185
4 2 3 
6 0 1 
8 7 5 

>> Estado: 186
2 1 3 
6 4 5 
8 0 7 

>> Estado: 187
2 0 3 
4 5 7 
1 6 8 

>> Estado: 188
4 2 3 
5 7 0 
1 6 8 

>> Estado: 189
2 1 3 
6 0 5 
8 4 7 

>> Estado: 190
2 1 3 
6 4 5 
8 7 0 

>> Estado: 191
2 5 3 
4 0 7 
1 6 8 

>> Estado: 192
0 1 3 
2 4 5 
6 8 7 

>> Estado: 193
1 0 3 
2 4 5 
6 8 7 

>> Estado: 194
1 4 3 
2 0 5 
6 8 7 

>> Estado: 195
1 4 3 
0 2 5 
6 8 7 

>> Estado: 196
2 1 3 
6 4 0 
8 7 5 

>> Estado: 197
2 5 3 
4 7 0 
1 6 8 

>> Estado: 198
1 3 0 
2 4 5 
6 8 7 

>> Estado: 199
1 4 3 
2 8 5 
6 0 7 

>> Estado: 200
1 4 3 
2 5 0 
6 8 7 

>> Estado: 201
1 4 3 
6 2 5 
0 8 7 

>> Estado: 202
2 1 3 
6 0 4 
8 7 5 

>> Estado: 203
1 3 5 
2 4 0 
6 8 7 

>> Estado: 204
1 4 3 
2 8 5 
6 7 0 

>> Estado: 205
1 4 3 
6 2 5 
8 0 7 

>> Estado: 206
1 3 5 
2 0 4 
6 8 7 

>> Estado: 207
1 4 3 
2 8 0 
6 7 5 

>> Estado: 208
1 4 3 
2 0 8 
6 7 5 

>> Estado: 209
1 0 3 
2 4 8 
6 7 5 

>> Estado: 210
1 4 3 
0 2 8 
6 7 5 

>> Estado: 211
1 3 0 
2 4 8 
6 7 5 

>> Estado: 212
1 4 3 
6 2 8 
0 7 5 

>> Estado: 213
1 3 8 
2 4 0 
6 7 5 

>> Estado: 214
1 4 3 
6 2 8 
7 0 5 

>> Estado: 215
1 3 8 
2 4 5 
6 7 0 

>> Estado: 216
1 3 8 
2 0 4 
6 7 5 

>> Estado: 217
1 4 3 
6 0 8 
7 2 5 

>> Estado: 218
1 3 8 
2 4 5 
6 0 7 

>> Estado: 219
1 3 8 
0 2 4 
6 7 5 

>> Estado: 220
1 0 3 
6 4 8 
7 2 5 

>> Estado: 221
1 3 8 
2 0 5 
6 4 7 

>> Estado: 222
1 4 3 
6 0 5 
8 2 7 

>> Estado: 223
1 3 8 
0 2 5 
6 4 7 

>> Estado: 224
1 0 3 
6 4 5 
8 2 7 

>> Estado: 225
1 4 3 
6 2 5 
8 7 0 

>> Estado: 226
1 3 5 
0 2 4 
6 8 7 

>> Estado: 227
1 4 3 
6 2 0 
8 7 5 

>> Estado: 228
1 4 3 
2 7 8 
6 0 5 

>> Estado: 229
1 4 3 
6 0 2 
8 7 5 

>> Estado: 230
2 1 3 
0 4 7 
6 5 8 

>> Estado: 231
1 0 3 
6 4 2 
8 7 5 

>> Estado: 232
4 0 3 
1 2 7 
6 5 8 

>> Estado: 233
2 1 0 
4 7 3 
6 5 8 

>> Estado: 234
4 2 0 
1 7 3 
6 5 8 

>> Estado: 235
2 0 1 
4 7 3 
6 5 8 

>> Estado: 236
4 0 2 
1 7 3 
6 5 8 

>> Estado: 237
2 7 1 
4 0 3 
6 5 8 

>> Estado: 238
0 2 1 
4 7 3 
6 5 8 

>> Estado: 239
4 7 2 
1 0 3 
6 5 8 

>> Estado: 240
2 7 1 
4 5 3 
6 0 8 

>> Estado: 241
4 2 1 
0 7 3 
6 5 8 

>> Estado: 242
4 7 2 
1 5 3 
6 0 8 

>> Estado: 243
4 2 1 
7 0 3 
6 5 8 

>> Estado: 244
0 4 3 
1 2 5 
6 8 7 

>> Estado: 245
4 2 1 
7 5 3 
6 0 8 

>> Estado: 246
2 1 3 
4 7 8 
6 5 0 

>> Estado: 247
0 1 3 
2 4 8 
6 7 5 

>> Estado: 248
2 1 3 
6 4 8 
0 7 5 

>> Estado: 249
2 0 3 
4 1 7 
6 5 8 

>> Estado: 250
2 1 3 
6 4 8 
7 0 5 

>> Estado: 251
4 3 0 
1 2 8 
6 7 5 

>> Estado: 252
2 1 3 
6 0 8 
7 4 5 

>> Estado: 253
4 3 8 
1 2 0 
6 7 5 

>> Estado: 254
4 2 3 
1 7 8 
0 6 5 

>> Estado: 255
4 3 8 
1 2 5 
6 7 0 

>> Estado: 256
4 3 8 
1 0 2 
6 7 5 

>> Estado: 257
4 2 3 
0 7 8 
1 6 5 

>> Estado: 258
4 3 8 
1 2 5 
6 0 7 

>> Estado: 259
0 2 3 
4 7 8 
1 6 5 

>> Estado: 260
4 2 3 
7 0 8 
1 6 5 

>> Estado: 261
4 3 8 
1 0 5 
6 2 7 

>> Estado: 262
2 0 3 
4 7 8 
1 6 5 

>> Estado: 263
4 2 0 
1 8 3 
6 7 5 

>> Estado: 264
2 7 3 
4 0 8 
1 6 5 

>> Estado: 265
4 0 2 
1 8 3 
6 7 5 

>> Estado: 266
4 2 3 
6 1 8 
0 7 5 

>> Estado: 267
4 8 2 
1 0 3 
6 7 5 

>> Estado: 268
4 2 3 
6 1 8 
7 0 5 

>> Estado: 269
0 4 3 
1 2 8 
6 7 5 

>> Estado: 270
4 2 3 
6 0 8 
7 1 5 

>> Estado: 271
4 3 0 
1 2 5 
6 8 7 

>> Estado: 272
4 2 3 
1 5 7 
6 8 0 

>> Estado: 273
4 3 5 
1 2 0 
6 8 7 

>> Estado: 274
2 3 0 
4 1 8 
6 7 5 

>> Estado: 275
4 3 5 
1 0 2 
6 8 7 

>> Estado: 276
2 3 8 
4 1 0 
6 7 5 

>> Estado: 277
2 1 3 
4 7 8 
0 6 5 

>> Estado: 278
2 3 8 
4 1 5 
6 7 0 

>> Estado: 279
2 3 8 
4 0 1 
6 7 5 

>> Estado: 280
2 1 3 
0 7 8 
4 6 5 

>> Estado: 281
2 3 8 
4 1 5 
6 0 7 

>> Estado: 282
2 1 3 
7 0 8 
4 6 5 

>> Estado: 283
2 3 8 
4 0 5 
6 1 7 

>> Estado: 284
4 2 0 
1 5 3 
6 8 7 

>> Estado: 285
2 1 0 
4 8 3 
6 7 5 

>> Estado: 286
4 0 2 
1 5 3 
6 8 7 

>> Estado: 287
2 0 1 
4 8 3 
6 7 5 

>> Estado: 288
4 5 2 
1 0 3 
6 8 7 

>> Estado: 289
4 2 3 
1 8 5 
0 6 7 

>> Estado: 290
2 8 1 
4 0 3 
6 7 5 

>> Estado: 291
0 2 1 
4 8 3 
6 7 5 

>> Estado: 292
4 2 3 
0 8 5 
1 6 7 

>> Estado: 293
4 2 1 
0 8 3 
6 7 5 

>> Estado: 294
0 2 3 
4 8 5 
1 6 7 

>> Estado: 295
4 2 3 
8 0 5 
1 6 7 

>> Estado: 296
4 2 1 
8 0 3 
6 7 5 

>> Estado: 297
2 0 3 
4 8 5 
1 6 7 

>> Estado: 298
2 8 3 
4 0 5 
1 6 7 

>> Estado: 299
0 4 2 
1 8 3 
6 7 5 

>> Estado: 300
1 4 2 
0 8 3 
6 7 5 

>> Estado: 301
1 4 2 
8 0 3 
6 7 5 

>> Estado: 302
1 0 2 
8 4 3 
6 7 5 

>> Estado: 303
1 2 0 
8 4 3 
6 7 5 

>> Estado: 304
1 2 3 
8 4 0 
6 7 5 

>> Estado: 305
1 2 3 
8 4 5 
6 7 0 

>> Estado: 306
1 2 3 
8 0 4 
6 7 5 

>> Estado: 307
1 2 3 
8 4 5 
6 0 7 

>> Estado: 308
1 2 3 
0 8 4 
6 7 5 

>> Estado: 309
1 2 3 
8 0 5 
6 4 7 

>> Estado: 310
1 2 3 
0 8 5 
6 4 7 

>> Estado: 311
1 0 3 
8 2 4 
6 7 5 

>> Estado: 312
1 2 3 
8 7 4 
6 0 5 

>> Estado: 313
1 2 3 
8 4 5 
0 6 7 

>> Estado: 314
1 2 3 
0 4 5 
8 6 7 

>> Estado: 315
1 2 3 
4 0 5 
8 6 7 

>> Estado: 316
1 0 3 
4 2 5 
8 6 7 

>> Estado: 317
1 2 3 
4 6 5 
8 0 7 

>> Estado: 318
1 2 3 
4 5 0 
8 6 7 

>> Estado: 319
1 2 3 
4 6 5 
0 8 7 

>> Estado: 320
1 2 3 
4 6 5 
8 7 0 

>> Estado: 321
1 2 3 
0 6 5 
4 8 7 

>> Estado: 322
1 2 3 
6 0 5 
4 8 7 

>> Estado: 323
1 2 3 
4 6 0 
8 7 5 

>> Estado: 324
1 0 3 
6 2 5 
4 8 7 

>> Estado: 325
1 2 3 
6 8 5 
4 0 7 

>> Estado: 326
1 2 3 
6 5 0 
4 8 7 

>> Estado: 327
1 2 3 
4 0 6 
8 7 5 

>> Estado: 328
1 2 3 
6 8 5 
4 7 0 

>> Estado: 329
1 2 3 
6 8 0 
4 7 5 

>> Estado: 330
1 2 3 
6 0 8 
4 7 5 

>> Estado: 331
1 0 3 
6 2 8 
4 7 5 

>> Estado: 332
1 2 3 
6 7 8 
4 0 5 

>> Estado: 333
1 2 3 
0 6 8 
4 7 5 

>> Estado: 334
1 2 3 
4 6 8 
0 7 5 

>> Estado: 335
1 2 3 
4 6 8 
7 0 5 

>> Estado: 336
1 2 3 
4 0 8 
7 6 5 

>> Estado: 337
1 0 3 
4 2 8 
7 6 5 

>> Estado: 338
1 2 3 
0 4 8 
7 6 5 

>> Estado: 339
1 2 3 
4 8 0 
7 6 5 

>> Estado: 340
1 2 3 
4 8 5 
7 6 0 

>> Estado: 341
1 2 3 
4 8 5 
7 0 6 

>> Estado: 342
1 2 3 
4 0 5 
7 8 6 

>> Estado: 343
1 2 3 
4 8 5 
0 7 6 

>> Estado: 344
1 0 3 
4 2 5 
7 8 6 

>> Estado: 345
1 2 3 
0 4 5 
7 8 6 

>> Estado: 346
1 2 3 
4 5 0 
7 8 6 

>> Estado: 347
1 2 3 
0 8 5 
4 7 6 

>> Estado: 348
1 2 3 
8 0 5 
4 7 6 

>> Estado: 349
0 2 3 
1 8 4 
6 7 5 

>> Estado: 350
1 3 0 
4 2 5 
8 6 7 

>> Estado: 351
1 2 0 
4 5 3 
8 6 7 

>> Estado: 352
0 1 3 
4 2 5 
7 8 6 

>> Estado: 353
1 3 0 
4 2 5 
7 8 6 

>> Estado: 354
1 2 3 
4 5 6 
7 8 0 

>> Estado: 355
1 2 3 
4 5 6 
7 0 8 

>> Estado: 356
1 2 3 
4 0 6 
7 5 8 

>> Estado: 357
1 2 3 
4 5 6 
0 7 8 

>> Estado: 358
1 2 3 
4 6 0 
7 5 8 

>> Estado: 359
1 2 3 
0 5 6 
4 7 8 

>> Estado: 360
1 2 3 
5 0 6 
4 7 8 

>> Estado: 361
1 2 3 
5 6 0 
4 7 8 

>> Estado: 362
0 2 3 
1 8 5 
4 7 6 

>> Estado: 363
1 0 3 
4 2 6 
7 5 8 

>> Estado: 364
1 2 3 
0 4 6 
7 5 8 

>> Estado: 365
1 2 0 
4 6 3 
7 5 8 

>> Estado: 366
0 2 3 
1 5 6 
4 7 8 

>> Estado: 367
1 0 3 
5 2 6 
4 7 8 

>> Estado: 368
1 2 3 
5 7 6 
4 0 8 

>> Estado: 369
1 2 3 
5 6 8 
4 7 0 

>> Estado: 370
2 0 3 
1 8 5 
4 7 6 

>> Estado: 371
1 0 2 
4 6 3 
7 5 8 

>> Estado: 372
2 0 3 
1 5 6 
4 7 8 

>> Estado: 373
1 2 0 
5 6 3 
4 7 8 

>> Estado: 374
1 2 3 
5 6 8 
4 0 7 

>> Estado: 375
1 2 3 
5 0 8 
4 6 7 

>> Estado: 376
1 2 3 
0 5 8 
4 6 7 

>> Estado: 377
1 2 3 
4 5 8 
0 6 7 

>> Estado: 378
1 2 3 
4 5 8 
6 0 7 

>> Estado: 379
1 2 3 
4 0 8 
6 5 7 

>> Estado: 380
1 2 3 
4 5 8 
6 7 0 

>> Estado: 381
1 2 3 
4 5 0 
6 7 8 

>> Estado: 382
1 2 3 
4 0 5 
6 7 8 

>> Encontrei!
>> Profundidade da meta: 90
>> Total de nos: 382
>> Tempo de execucao: 0.03125000 segundos.
