>> Solucao encontrada!

Estado: 0
2 1 1 1 0 0
1 0 0 1 1 1
1 1 0 0 0 3
0 1 0 1 1 1
0 1 0 1 0 0
0 1 1 1 0 0

Estado: 2
1 2 1 1 0 0
1 0 0 1 1 1
1 1 0 0 0 3
0 1 0 1 1 1
0 1 0 1 0 0
0 1 1 1 0 0

Estado: 4
1 1 2 1 0 0
1 0 0 1 1 1
1 1 0 0 0 3
0 1 0 1 1 1
0 1 0 1 0 0
0 1 1 1 0 0

Estado: 6
1 1 1 2 0 0
1 0 0 1 1 1
1 1 0 0 0 3
0 1 0 1 1 1
0 1 0 1 0 0
0 1 1 1 0 0

Estado: 8
1 1 1 1 0 0
1 0 0 2 1 1
1 1 0 0 0 3
0 1 0 1 1 1
0 1 0 1 0 0
0 1 1 1 0 0

Estado: 9
1 1 1 1 0 0
1 0 0 1 2 1
1 1 0 0 0 3
0 1 0 1 1 1
0 1 0 1 0 0
0 1 1 1 0 0

Estado: 11
1 1 1 1 0 0
1 0 0 1 1 2
1 1 0 0 0 3
0 1 0 1 1 1
0 1 0 1 0 0
0 1 1 1 0 0

Estado: 12
1 1 1 1 0 0
1 0 0 1 1 3
1 1 0 0 0 2
0 1 0 1 1 1
0 1 0 1 0 0
0 1 1 1 0 0

>> Numero de nos visitados: 21
>> Profundidade: 7
>> Custo da solucao: 8
