>> Solucao encontrada!

Estado: 0
2 0 0 1 1 0 0 0
1 1 1 1 1 0 0 0
0 0 0 0 1 1 1 1
1 1 1 0 1 0 0 1
0 0 1 1 1 1 1 1
1 1 0 0 0 0 0 1
0 0 0 1 1 1 1 1
0 0 0 0 0 0 0 3

Estado: 1
1 0 0 1 1 0 0 0
2 1 1 1 1 0 0 0
0 0 0 0 1 1 1 1
1 1 1 0 1 0 0 1
0 0 1 1 1 1 1 1
1 1 0 0 0 0 0 1
0 0 0 1 1 1 1 1
0 0 0 0 0 0 0 3

Estado: 2
1 0 0 1 1 0 0 0
1 2 1 1 1 0 0 0
0 0 0 0 1 1 1 1
1 1 1 0 1 0 0 1
0 0 1 1 1 1 1 1
1 1 0 0 0 0 0 1
0 0 0 1 1 1 1 1
0 0 0 0 0 0 0 3

Estado: 3
1 0 0 1 1 0 0 0
1 1 2 1 1 0 0 0
0 0 0 0 1 1 1 1
1 1 1 0 1 0 0 1
0 0 1 1 1 1 1 1
1 1 0 0 0 0 0 1
0 0 0 1 1 1 1 1
0 0 0 0 0 0 0 3

Estado: 4
1 0 0 1 1 0 0 0
1 1 1 2 1 0 0 0
0 0 0 0 1 1 1 1
1 1 1 0 1 0 0 1
0 0 1 1 1 1 1 1
1 1 0 0 0 0 0 1
0 0 0 1 1 1 1 1
0 0 0 0 0 0 0 3

Estado: 6
1 0 0 1 1 0 0 0
1 1 1 1 2 0 0 0
0 0 0 0 1 1 1 1
1 1 1 0 1 0 0 1
0 0 1 1 1 1 1 1
1 1 0 0 0 0 0 1
0 0 0 1 1 1 1 1
0 0 0 0 0 0 0 3

Estado: 8
1 0 0 1 1 0 0 0
1 1 1 1 1 0 0 0
0 0 0 0 2 1 1 1
1 1 1 0 1 0 0 1
0 0 1 1 1 1 1 1
1 1 0 0 0 0 0 1
0 0 0 1 1 1 1 1
0 0 0 0 0 0 0 3

Estado: 9
1 0 0 1 1 0 0 0
1 1 1 1 1 0 0 0
0 0 0 0 1 1 1 1
1 1 1 0 2 0 0 1
0 0 1 1 1 1 1 1
1 1 0 0 0 0 0 1
0 0 0 1 1 1 1 1
0 0 0 0 0 0 0 3

Estado: 11
1 0 0 1 1 0 0 0
1 1 1 1 1 0 0 0
0 0 0 0 1 1 1 1
1 1 1 0 1 0 0 1
0 0 1 1 2 1 1 1
1 1 0 0 0 0 0 1
0 0 0 1 1 1 1 1
0 0 0 0 0 0 0 3

Estado: 14
1 0 0 1 1 0 0 0
1 1 1 1 1 0 0 0
0 0 0 0 1 1 1 1
1 1 1 0 1 0 0 1
0 0 1 1 1 2 1 1
1 1 0 0 0 0 0 1
0 0 0 1 1 1 1 1
0 0 0 0 0 0 0 3

Estado: 16
1 0 0 1 1 0 0 0
1 1 1 1 1 0 0 0
0 0 0 0 1 1 1 1
1 1 1 0 1 0 0 1
0 0 1 1 1 1 2 1
1 1 0 0 0 0 0 1
0 0 0 1 1 1 1 1
0 0 0 0 0 0 0 3

Estado: 19
1 0 0 1 1 0 0 0
1 1 1 1 1 0 0 0
0 0 0 0 1 1 1 1
1 1 1 0 1 0 0 1
0 0 1 1 1 1 1 2
1 1 0 0 0 0 0 1
0 0 0 1 1 1 1 1
0 0 0 0 0 0 0 3

Estado: 20
1 0 0 1 1 0 0 0
1 1 1 1 1 0 0 0
0 0 0 0 1 1 1 1
1 1 1 0 1 0 0 1
0 0 1 1 1 1 1 1
1 1 0 0 0 0 0 2
0 0 0 1 1 1 1 1
0 0 0 0 0 0 0 3

Estado: 22
1 0 0 1 1 0 0 0
1 1 1 1 1 0 0 0
0 0 0 0 1 1 1 1
1 1 1 0 1 0 0 1
0 0 1 1 1 1 1 1
1 1 0 0 0 0 0 1
0 0 0 1 1 1 1 2
0 0 0 0 0 0 0 3

Estado: 23
1 0 0 1 1 0 0 0
1 1 1 1 1 0 0 0
0 0 0 0 1 1 1 1
1 1 1 0 1 0 0 1
0 0 1 1 1 1 1 1
1 1 0 0 0 0 0 1
0 0 0 1 1 1 1 3
0 0 0 0 0 0 0 2

>> Numero de nos visitados: 30
>> Profundidade: 14
>> Custo da solucao: 15
