>> Solucao encontrada!

Estado: 0
2 0 1 0 0 1 1 1
1 1 1 1 0 0 0 1
0 1 0 1 0 1 1 1
1 1 0 1 1 1 0 1
0 0 0 0 1 1 1 1
1 1 0 1 1 1 1 1
0 0 0 1 0 0 0 3
0 0 0 0 0 0 0 0

Estado: 1
1 0 1 0 0 1 1 1
2 1 1 1 0 0 0 1
0 1 0 1 0 1 1 1
1 1 0 1 1 1 0 1
0 0 0 0 1 1 1 1
1 1 0 1 1 1 1 1
0 0 0 1 0 0 0 3
0 0 0 0 0 0 0 0

Estado: 2
1 0 1 0 0 1 1 1
1 2 1 1 0 0 0 1
0 1 0 1 0 1 1 1
1 1 0 1 1 1 0 1
0 0 0 0 1 1 1 1
1 1 0 1 1 1 1 1
0 0 0 1 0 0 0 3
0 0 0 0 0 0 0 0

Estado: 4
1 0 1 0 0 1 1 1
1 1 2 1 0 0 0 1
0 1 0 1 0 1 1 1
1 1 0 1 1 1 0 1
0 0 0 0 1 1 1 1
1 1 0 1 1 1 1 1
0 0 0 1 0 0 0 3
0 0 0 0 0 0 0 0

Estado: 7
1 0 1 0 0 1 1 1
1 1 1 2 0 0 0 1
0 1 0 1 0 1 1 1
1 1 0 1 1 1 0 1
0 0 0 0 1 1 1 1
1 1 0 1 1 1 1 1
0 0 0 1 0 0 0 3
0 0 0 0 0 0 0 0

Estado: 9
1 0 1 0 0 1 1 1
1 1 1 1 0 0 0 1
0 1 0 2 0 1 1 1
1 1 0 1 1 1 0 1
0 0 0 0 1 1 1 1
1 1 0 1 1 1 1 1
0 0 0 1 0 0 0 3
0 0 0 0 0 0 0 0

Estado: 10
1 0 1 0 0 1 1 1
1 1 1 1 0 0 0 1
0 1 0 1 0 1 1 1
1 1 0 2 1 1 0 1
0 0 0 0 1 1 1 1
1 1 0 1 1 1 1 1
0 0 0 1 0 0 0 3
0 0 0 0 0 0 0 0

Estado: 11
1 0 1 0 0 1 1 1
1 1 1 1 0 0 0 1
0 1 0 1 0 1 1 1
1 1 0 1 2 1 0 1
0 0 0 0 1 1 1 1
1 1 0 1 1 1 1 1
0 0 0 1 0 0 0 3
0 0 0 0 0 0 0 0

Estado: 12
1 0 1 0 0 1 1 1
1 1 1 1 0 0 0 1
0 1 0 1 0 1 1 1
1 1 0 1 1 1 0 1
0 0 0 0 2 1 1 1
1 1 0 1 1 1 1 1
0 0 0 1 0 0 0 3
0 0 0 0 0 0 0 0

Estado: 14
1 0 1 0 0 1 1 1
1 1 1 1 0 0 0 1
0 1 0 1 0 1 1 1
1 1 0 1 1 1 0 1
0 0 0 0 1 1 1 1
1 1 0 1 2 1 1 1
0 0 0 1 0 0 0 3
0 0 0 0 0 0 0 0

Estado: 18
1 0 1 0 0 1 1 1
1 1 1 1 0 0 0 1
0 1 0 1 0 1 1 1
1 1 0 1 1 1 0 1
0 0 0 0 1 1 1 1
1 1 0 1 1 2 1 1
0 0 0 1 0 0 0 3
0 0 0 0 0 0 0 0

Estado: 21
1 0 1 0 0 1 1 1
1 1 1 1 0 0 0 1
0 1 0 1 0 1 1 1
1 1 0 1 1 1 0 1
0 0 0 0 1 1 1 1
1 1 0 1 1 1 2 1
0 0 0 1 0 0 0 3
0 0 0 0 0 0 0 0

Estado: 24
1 0 1 0 0 1 1 1
1 1 1 1 0 0 0 1
0 1 0 1 0 1 1 1
1 1 0 1 1 1 0 1
0 0 0 0 1 1 1 1
1 1 0 1 1 1 1 2
0 0 0 1 0 0 0 3
0 0 0 0 0 0 0 0

Estado: 27
1 0 1 0 0 1 1 1
1 1 1 1 0 0 0 1
0 1 0 1 0 1 1 1
1 1 0 1 1 1 0 1
0 0 0 0 1 1 1 1
1 1 0 1 1 1 1 3
0 0 0 1 0 0 0 2
0 0 0 0 0 0 0 0

>> Numero de nos visitados: 32
>> Profundidade: 13
>> Custo da solucao: 14
