>> Solucao encontrada!

Estado: 0
2 0 0 0 0 1 1 1 1
1 1 0 0 0 1 0 0 1
1 1 1 0 0 1 0 0 1
1 0 1 1 1 1 0 0 1
1 0 0 0 0 0 0 0 1
1 1 0 0 0 0 1 1 1
0 1 1 1 1 1 1 0 3
1 0 0 1 0 0 0 0 1
0 0 0 1 1 1 0 1 1

Estado: 1
1 0 0 0 0 1 1 1 1
2 1 0 0 0 1 0 0 1
1 1 1 0 0 1 0 0 1
1 0 1 1 1 1 0 0 1
1 0 0 0 0 0 0 0 1
1 1 0 0 0 0 1 1 1
0 1 1 1 1 1 1 0 3
1 0 0 1 0 0 0 0 1
0 0 0 1 1 1 0 1 1

Estado: 2
1 0 0 0 0 1 1 1 1
1 1 0 0 0 1 0 0 1
2 1 1 0 0 1 0 0 1
1 0 1 1 1 1 0 0 1
1 0 0 0 0 0 0 0 1
1 1 0 0 0 0 1 1 1
0 1 1 1 1 1 1 0 3
1 0 0 1 0 0 0 0 1
0 0 0 1 1 1 0 1 1

Estado: 4
1 0 0 0 0 1 1 1 1
1 1 0 0 0 1 0 0 1
1 1 1 0 0 1 0 0 1
2 0 1 1 1 1 0 0 1
1 0 0 0 0 0 0 0 1
1 1 0 0 0 0 1 1 1
0 1 1 1 1 1 1 0 3
1 0 0 1 0 0 0 0 1
0 0 0 1 1 1 0 1 1

Estado: 6
1 0 0 0 0 1 1 1 1
1 1 0 0 0 1 0 0 1
1 1 1 0 0 1 0 0 1
1 0 1 1 1 1 0 0 1
2 0 0 0 0 0 0 0 1
1 1 0 0 0 0 1 1 1
0 1 1 1 1 1 1 0 3
1 0 0 1 0 0 0 0 1
0 0 0 1 1 1 0 1 1

Estado: 8
1 0 0 0 0 1 1 1 1
1 1 0 0 0 1 0 0 1
1 1 1 0 0 1 0 0 1
1 0 1 1 1 1 0 0 1
1 0 0 0 0 0 0 0 1
2 1 0 0 0 0 1 1 1
0 1 1 1 1 1 1 0 3
1 0 0 1 0 0 0 0 1
0 0 0 1 1 1 0 1 1

Estado: 10
1 0 0 0 0 1 1 1 1
1 1 0 0 0 1 0 0 1
1 1 1 0 0 1 0 0 1
1 0 1 1 1 1 0 0 1
1 0 0 0 0 0 0 0 1
1 2 0 0 0 0 1 1 1
0 1 1 1 1 1 1 0 3
1 0 0 1 0 0 0 0 1
0 0 0 1 1 1 0 1 1

Estado: 12
1 0 0 0 0 1 1 1 1
1 1 0 0 0 1 0 0 1
1 1 1 0 0 1 0 0 1
1 0 1 1 1 1 0 0 1
1 0 0 0 0 0 0 0 1
1 1 0 0 0 0 1 1 1
0 2 1 1 1 1 1 0 3
1 0 0 1 0 0 0 0 1
0 0 0 1 1 1 0 1 1

Estado: 14
1 0 0 0 0 1 1 1 1
1 1 0 0 0 1 0 0 1
1 1 1 0 0 1 0 0 1
1 0 1 1 1 1 0 0 1
1 0 0 0 0 0 0 0 1
1 1 0 0 0 0 1 1 1
0 1 2 1 1 1 1 0 3
1 0 0 1 0 0 0 0 1
0 0 0 1 1 1 0 1 1

Estado: 16
1 0 0 0 0 1 1 1 1
1 1 0 0 0 1 0 0 1
1 1 1 0 0 1 0 0 1
1 0 1 1 1 1 0 0 1
1 0 0 0 0 0 0 0 1
1 1 0 0 0 0 1 1 1
0 1 1 2 1 1 1 0 3
1 0 0 1 0 0 0 0 1
0 0 0 1 1 1 0 1 1

Estado: 19
1 0 0 0 0 1 1 1 1
1 1 0 0 0 1 0 0 1
1 1 1 0 0 1 0 0 1
1 0 1 1 1 1 0 0 1
1 0 0 0 0 0 0 0 1
1 1 0 0 0 0 1 1 1
0 1 1 1 2 1 1 0 3
1 0 0 1 0 0 0 0 1
0 0 0 1 1 1 0 1 1

Estado: 22
1 0 0 0 0 1 1 1 1
1 1 0 0 0 1 0 0 1
1 1 1 0 0 1 0 0 1
1 0 1 1 1 1 0 0 1
1 0 0 0 0 0 0 0 1
1 1 0 0 0 0 1 1 1
0 1 1 1 1 2 1 0 3
1 0 0 1 0 0 0 0 1
0 0 0 1 1 1 0 1 1

Estado: 25
1 0 0 0 0 1 1 1 1
1 1 0 0 0 1 0 0 1
1 1 1 0 0 1 0 0 1
1 0 1 1 1 1 0 0 1
1 0 0 0 0 0 0 0 1
1 1 0 0 0 0 1 1 1
0 1 1 1 1 1 2 0 3
1 0 0 1 0 0 0 0 1
0 0 0 1 1 1 0 1 1

Estado: 28
1 0 0 0 0 1 1 1 1
1 1 0 0 0 1 0 0 1
1 1 1 0 0 1 0 0 1
1 0 1 1 1 1 0 0 1
1 0 0 0 0 0 0 0 1
1 1 0 0 0 0 2 1 1
0 1 1 1 1 1 1 0 3
1 0 0 1 0 0 0 0 1
0 0 0 1 1 1 0 1 1

Estado: 30
1 0 0 0 0 1 1 1 1
1 1 0 0 0 1 0 0 1
1 1 1 0 0 1 0 0 1
1 0 1 1 1 1 0 0 1
1 0 0 0 0 0 0 0 1
1 1 0 0 0 0 1 2 1
0 1 1 1 1 1 1 0 3
1 0 0 1 0 0 0 0 1
0 0 0 1 1 1 0 1 1

Estado: 32
1 0 0 0 0 1 1 1 1
1 1 0 0 0 1 0 0 1
1 1 1 0 0 1 0 0 1
1 0 1 1 1 1 0 0 1
1 0 0 0 0 0 0 0 1
1 1 0 0 0 0 1 1 2
0 1 1 1 1 1 1 0 3
1 0 0 1 0 0 0 0 1
0 0 0 1 1 1 0 1 1

Estado: 35
1 0 0 0 0 1 1 1 1
1 1 0 0 0 1 0 0 1
1 1 1 0 0 1 0 0 1
1 0 1 1 1 1 0 0 1
1 0 0 0 0 0 0 0 1
1 1 0 0 0 0 1 1 3
0 1 1 1 1 1 1 0 2
1 0 0 1 0 0 0 0 1
0 0 0 1 1 1 0 1 1

>> Numero de nos visitados: 38
>> Profundidade: 16
>> Custo da solucao: 17
