>> Solucao encontrada!

Estado: 0
2 1 0 0 0 0 1 1 0 0
0 1 1 1 1 1 0 0 0 0
0 1 0 1 0 1 0 1 1 1
0 1 0 0 0 1 0 0 0 1
1 1 1 1 1 1 0 0 0 3
1 1 0 0 0 1 0 1 0 1
0 0 0 1 1 1 0 1 1 1
0 1 1 1 0 1 0 0 1 1
0 0 0 0 0 1 1 1 1 1
1 1 0 0 1 0 0 0 1 0

Estado: 1
1 2 0 0 0 0 1 1 0 0
0 1 1 1 1 1 0 0 0 0
0 1 0 1 0 1 0 1 1 1
0 1 0 0 0 1 0 0 0 1
1 1 1 1 1 1 0 0 0 3
1 1 0 0 0 1 0 1 0 1
0 0 0 1 1 1 0 1 1 1
0 1 1 1 0 1 0 0 1 1
0 0 0 0 0 1 1 1 1 1
1 1 0 0 1 0 0 0 1 0

Estado: 2
1 1 0 0 0 0 1 1 0 0
0 2 1 1 1 1 0 0 0 0
0 1 0 1 0 1 0 1 1 1
0 1 0 0 0 1 0 0 0 1
1 1 1 1 1 1 0 0 0 3
1 1 0 0 0 1 0 1 0 1
0 0 0 1 1 1 0 1 1 1
0 1 1 1 0 1 0 0 1 1
0 0 0 0 0 1 1 1 1 1
1 1 0 0 1 0 0 0 1 0

Estado: 3
1 1 0 0 0 0 1 1 0 0
0 1 1 1 1 1 0 0 0 0
0 2 0 1 0 1 0 1 1 1
0 1 0 0 0 1 0 0 0 1
1 1 1 1 1 1 0 0 0 3
1 1 0 0 0 1 0 1 0 1
0 0 0 1 1 1 0 1 1 1
0 1 1 1 0 1 0 0 1 1
0 0 0 0 0 1 1 1 1 1
1 1 0 0 1 0 0 0 1 0

Estado: 4
1 1 0 0 0 0 1 1 0 0
0 1 1 1 1 1 0 0 0 0
0 1 0 1 0 1 0 1 1 1
0 2 0 0 0 1 0 0 0 1
1 1 1 1 1 1 0 0 0 3
1 1 0 0 0 1 0 1 0 1
0 0 0 1 1 1 0 1 1 1
0 1 1 1 0 1 0 0 1 1
0 0 0 0 0 1 1 1 1 1
1 1 0 0 1 0 0 0 1 0

Estado: 5
1 1 0 0 0 0 1 1 0 0
0 1 1 1 1 1 0 0 0 0
0 1 0 1 0 1 0 1 1 1
0 1 0 0 0 1 0 0 0 1
1 2 1 1 1 1 0 0 0 3
1 1 0 0 0 1 0 1 0 1
0 0 0 1 1 1 0 1 1 1
0 1 1 1 0 1 0 0 1 1
0 0 0 0 0 1 1 1 1 1
1 1 0 0 1 0 0 0 1 0

Estado: 9
1 1 0 0 0 0 1 1 0 0
0 1 1 1 1 1 0 0 0 0
0 1 0 1 0 1 0 1 1 1
0 1 0 0 0 1 0 0 0 1
1 1 2 1 1 1 0 0 0 3
1 1 0 0 0 1 0 1 0 1
0 0 0 1 1 1 0 1 1 1
0 1 1 1 0 1 0 0 1 1
0 0 0 0 0 1 1 1 1 1
1 1 0 0 1 0 0 0 1 0

Estado: 10
1 1 0 0 0 0 1 1 0 0
0 1 1 1 1 1 0 0 0 0
0 1 0 1 0 1 0 1 1 1
0 1 0 0 0 1 0 0 0 1
1 1 1 2 1 1 0 0 0 3
1 1 0 0 0 1 0 1 0 1
0 0 0 1 1 1 0 1 1 1
0 1 1 1 0 1 0 0 1 1
0 0 0 0 0 1 1 1 1 1
1 1 0 0 1 0 0 0 1 0

Estado: 11
1 1 0 0 0 0 1 1 0 0
0 1 1 1 1 1 0 0 0 0
0 1 0 1 0 1 0 1 1 1
0 1 0 0 0 1 0 0 0 1
1 1 1 1 2 1 0 0 0 3
1 1 0 0 0 1 0 1 0 1
0 0 0 1 1 1 0 1 1 1
0 1 1 1 0 1 0 0 1 1
0 0 0 0 0 1 1 1 1 1
1 1 0 0 1 0 0 0 1 0

Estado: 12
1 1 0 0 0 0 1 1 0 0
0 1 1 1 1 1 0 0 0 0
0 1 0 1 0 1 0 1 1 1
0 1 0 0 0 1 0 0 0 1
1 1 1 1 1 2 0 0 0 3
1 1 0 0 0 1 0 1 0 1
0 0 0 1 1 1 0 1 1 1
0 1 1 1 0 1 0 0 1 1
0 0 0 0 0 1 1 1 1 1
1 1 0 0 1 0 0 0 1 0

Estado: 20
1 1 0 0 0 0 1 1 0 0
0 1 1 1 1 1 0 0 0 0
0 1 0 1 0 1 0 1 1 1
0 1 0 0 0 1 0 0 0 1
1 1 1 1 1 1 0 0 0 3
1 1 0 0 0 2 0 1 0 1
0 0 0 1 1 1 0 1 1 1
0 1 1 1 0 1 0 0 1 1
0 0 0 0 0 1 1 1 1 1
1 1 0 0 1 0 0 0 1 0

Estado: 21
1 1 0 0 0 0 1 1 0 0
0 1 1 1 1 1 0 0 0 0
0 1 0 1 0 1 0 1 1 1
0 1 0 0 0 1 0 0 0 1
1 1 1 1 1 1 0 0 0 3
1 1 0 0 0 1 0 1 0 1
0 0 0 1 1 2 0 1 1 1
0 1 1 1 0 1 0 0 1 1
0 0 0 0 0 1 1 1 1 1
1 1 0 0 1 0 0 0 1 0

Estado: 22
1 1 0 0 0 0 1 1 0 0
0 1 1 1 1 1 0 0 0 0
0 1 0 1 0 1 0 1 1 1
0 1 0 0 0 1 0 0 0 1
1 1 1 1 1 1 0 0 0 3
1 1 0 0 0 1 0 1 0 1
0 0 0 1 1 1 0 1 1 1
0 1 1 1 0 2 0 0 1 1
0 0 0 0 0 1 1 1 1 1
1 1 0 0 1 0 0 0 1 0

Estado: 23
1 1 0 0 0 0 1 1 0 0
0 1 1 1 1 1 0 0 0 0
0 1 0 1 0 1 0 1 1 1
0 1 0 0 0 1 0 0 0 1
1 1 1 1 1 1 0 0 0 3
1 1 0 0 0 1 0 1 0 1
0 0 0 1 1 1 0 1 1 1
0 1 1 1 0 1 0 0 1 1
0 0 0 0 0 2 1 1 1 1
1 1 0 0 1 0 0 0 1 0

Estado: 24
1 1 0 0 0 0 1 1 0 0
0 1 1 1 1 1 0 0 0 0
0 1 0 1 0 1 0 1 1 1
0 1 0 0 0 1 0 0 0 1
1 1 1 1 1 1 0 0 0 3
1 1 0 0 0 1 0 1 0 1
0 0 0 1 1 1 0 1 1 1
0 1 1 1 0 1 0 0 1 1
0 0 0 0 0 1 2 1 1 1
1 1 0 0 1 0 0 0 1 0

Estado: 25
1 1 0 0 0 0 1 1 0 0
0 1 1 1 1 1 0 0 0 0
0 1 0 1 0 1 0 1 1 1
0 1 0 0 0 1 0 0 0 1
1 1 1 1 1 1 0 0 0 3
1 1 0 0 0 1 0 1 0 1
0 0 0 1 1 1 0 1 1 1
0 1 1 1 0 1 0 0 1 1
0 0 0 0 0 1 1 2 1 1
1 1 0 0 1 0 0 0 1 0

Estado: 26
1 1 0 0 0 0 1 1 0 0
0 1 1 1 1 1 0 0 0 0
0 1 0 1 0 1 0 1 1 1
0 1 0 0 0 1 0 0 0 1
1 1 1 1 1 1 0 0 0 3
1 1 0 0 0 1 0 1 0 1
0 0 0 1 1 1 0 1 1 1
0 1 1 1 0 1 0 0 1 1
0 0 0 0 0 1 1 1 2 1
1 1 0 0 1 0 0 0 1 0

Estado: 27
1 1 0 0 0 0 1 1 0 0
0 1 1 1 1 1 0 0 0 0
0 1 0 1 0 1 0 1 1 1
0 1 0 0 0 1 0 0 0 1
1 1 1 1 1 1 0 0 0 3
1 1 0 0 0 1 0 1 0 1
0 0 0 1 1 1 0 1 1 1
0 1 1 1 0 1 0 0 2 1
0 0 0 0 0 1 1 1 1 1
1 1 0 0 1 0 0 0 1 0

Estado: 28
1 1 0 0 0 0 1 1 0 0
0 1 1 1 1 1 0 0 0 0
0 1 0 1 0 1 0 1 1 1
0 1 0 0 0 1 0 0 0 1
1 1 1 1 1 1 0 0 0 3
1 1 0 0 0 1 0 1 0 1
0 0 0 1 1 1 0 1 2 1
0 1 1 1 0 1 0 0 1 1
0 0 0 0 0 1 1 1 1 1
1 1 0 0 1 0 0 0 1 0

Estado: 31
1 1 0 0 0 0 1 1 0 0
0 1 1 1 1 1 0 0 0 0
0 1 0 1 0 1 0 1 1 1
0 1 0 0 0 1 0 0 0 1
1 1 1 1 1 1 0 0 0 3
1 1 0 0 0 1 0 1 0 1
0 0 0 1 1 1 0 1 1 2
0 1 1 1 0 1 0 0 1 1
0 0 0 0 0 1 1 1 1 1
1 1 0 0 1 0 0 0 1 0

Estado: 32
1 1 0 0 0 0 1 1 0 0
0 1 1 1 1 1 0 0 0 0
0 1 0 1 0 1 0 1 1 1
0 1 0 0 0 1 0 0 0 1
1 1 1 1 1 1 0 0 0 3
1 1 0 0 0 1 0 1 0 2
0 0 0 1 1 1 0 1 1 1
0 1 1 1 0 1 0 0 1 1
0 0 0 0 0 1 1 1 1 1
1 1 0 0 1 0 0 0 1 0

Estado: 33
1 1 0 0 0 0 1 1 0 0
0 1 1 1 1 1 0 0 0 0
0 1 0 1 0 1 0 1 1 1
0 1 0 0 0 1 0 0 0 1
1 1 1 1 1 1 0 0 0 2
1 1 0 0 0 1 0 1 0 3
0 0 0 1 1 1 0 1 1 1
0 1 1 1 0 1 0 0 1 1
0 0 0 0 0 1 1 1 1 1
1 1 0 0 1 0 0 0 1 0

>> Numero de nos visitados: 42
>> Profundidade: 21
>> Custo da solucao: 22
