>> Solucao encontrada!

Estado: 0
2 1 1 1 1 0 0 0 0 0
0 1 0 0 1 0 0 0 1 0
1 1 0 1 1 1 1 0 1 1
1 0 0 0 1 0 0 0 1 1
1 0 1 1 1 1 0 0 0 3
1 0 0 0 0 1 1 1 1 1
1 1 1 1 1 1 0 0 1 0
0 1 0 0 0 0 0 1 1 1
1 1 1 1 1 1 1 1 1 0
0 0 0 0 0 0 0 1 1 1

Estado: 1
1 2 1 1 1 0 0 0 0 0
0 1 0 0 1 0 0 0 1 0
1 1 0 1 1 1 1 0 1 1
1 0 0 0 1 0 0 0 1 1
1 0 1 1 1 1 0 0 0 3
1 0 0 0 0 1 1 1 1 1
1 1 1 1 1 1 0 0 1 0
0 1 0 0 0 0 0 1 1 1
1 1 1 1 1 1 1 1 1 0
0 0 0 0 0 0 0 1 1 1

Estado: 2
1 1 1 1 1 0 0 0 0 0
0 2 0 0 1 0 0 0 1 0
1 1 0 1 1 1 1 0 1 1
1 0 0 0 1 0 0 0 1 1
1 0 1 1 1 1 0 0 0 3
1 0 0 0 0 1 1 1 1 1
1 1 1 1 1 1 0 0 1 0
0 1 0 0 0 0 0 1 1 1
1 1 1 1 1 1 1 1 1 0
0 0 0 0 0 0 0 1 1 1

Estado: 3
1 1 1 1 1 0 0 0 0 0
0 1 0 0 1 0 0 0 1 0
1 2 0 1 1 1 1 0 1 1
1 0 0 0 1 0 0 0 1 1
1 0 1 1 1 1 0 0 0 3
1 0 0 0 0 1 1 1 1 1
1 1 1 1 1 1 0 0 1 0
0 1 0 0 0 0 0 1 1 1
1 1 1 1 1 1 1 1 1 0
0 0 0 0 0 0 0 1 1 1

Estado: 4
1 1 1 1 1 0 0 0 0 0
0 1 0 0 1 0 0 0 1 0
2 1 0 1 1 1 1 0 1 1
1 0 0 0 1 0 0 0 1 1
1 0 1 1 1 1 0 0 0 3
1 0 0 0 0 1 1 1 1 1
1 1 1 1 1 1 0 0 1 0
0 1 0 0 0 0 0 1 1 1
1 1 1 1 1 1 1 1 1 0
0 0 0 0 0 0 0 1 1 1

Estado: 5
1 1 1 1 1 0 0 0 0 0
0 1 0 0 1 0 0 0 1 0
1 1 0 1 1 1 1 0 1 1
2 0 0 0 1 0 0 0 1 1
1 0 1 1 1 1 0 0 0 3
1 0 0 0 0 1 1 1 1 1
1 1 1 1 1 1 0 0 1 0
0 1 0 0 0 0 0 1 1 1
1 1 1 1 1 1 1 1 1 0
0 0 0 0 0 0 0 1 1 1

Estado: 6
1 1 1 1 1 0 0 0 0 0
0 1 0 0 1 0 0 0 1 0
1 1 0 1 1 1 1 0 1 1
1 0 0 0 1 0 0 0 1 1
2 0 1 1 1 1 0 0 0 3
1 0 0 0 0 1 1 1 1 1
1 1 1 1 1 1 0 0 1 0
0 1 0 0 0 0 0 1 1 1
1 1 1 1 1 1 1 1 1 0
0 0 0 0 0 0 0 1 1 1

Estado: 7
1 1 1 1 1 0 0 0 0 0
0 1 0 0 1 0 0 0 1 0
1 1 0 1 1 1 1 0 1 1
1 0 0 0 1 0 0 0 1 1
1 0 1 1 1 1 0 0 0 3
2 0 0 0 0 1 1 1 1 1
1 1 1 1 1 1 0 0 1 0
0 1 0 0 0 0 0 1 1 1
1 1 1 1 1 1 1 1 1 0
0 0 0 0 0 0 0 1 1 1

Estado: 8
1 1 1 1 1 0 0 0 0 0
0 1 0 0 1 0 0 0 1 0
1 1 0 1 1 1 1 0 1 1
1 0 0 0 1 0 0 0 1 1
1 0 1 1 1 1 0 0 0 3
1 0 0 0 0 1 1 1 1 1
2 1 1 1 1 1 0 0 1 0
0 1 0 0 0 0 0 1 1 1
1 1 1 1 1 1 1 1 1 0
0 0 0 0 0 0 0 1 1 1

Estado: 9
1 1 1 1 1 0 0 0 0 0
0 1 0 0 1 0 0 0 1 0
1 1 0 1 1 1 1 0 1 1
1 0 0 0 1 0 0 0 1 1
1 0 1 1 1 1 0 0 0 3
1 0 0 0 0 1 1 1 1 1
1 2 1 1 1 1 0 0 1 0
0 1 0 0 0 0 0 1 1 1
1 1 1 1 1 1 1 1 1 0
0 0 0 0 0 0 0 1 1 1

Estado: 27
1 1 1 1 1 0 0 0 0 0
0 1 0 0 1 0 0 0 1 0
1 1 0 1 1 1 1 0 1 1
1 0 0 0 1 0 0 0 1 1
1 0 1 1 1 1 0 0 0 3
1 0 0 0 0 1 1 1 1 1
1 1 2 1 1 1 0 0 1 0
0 1 0 0 0 0 0 1 1 1
1 1 1 1 1 1 1 1 1 0
0 0 0 0 0 0 0 1 1 1

Estado: 28
1 1 1 1 1 0 0 0 0 0
0 1 0 0 1 0 0 0 1 0
1 1 0 1 1 1 1 0 1 1
1 0 0 0 1 0 0 0 1 1
1 0 1 1 1 1 0 0 0 3
1 0 0 0 0 1 1 1 1 1
1 1 1 2 1 1 0 0 1 0
0 1 0 0 0 0 0 1 1 1
1 1 1 1 1 1 1 1 1 0
0 0 0 0 0 0 0 1 1 1

Estado: 29
1 1 1 1 1 0 0 0 0 0
0 1 0 0 1 0 0 0 1 0
1 1 0 1 1 1 1 0 1 1
1 0 0 0 1 0 0 0 1 1
1 0 1 1 1 1 0 0 0 3
1 0 0 0 0 1 1 1 1 1
1 1 1 1 2 1 0 0 1 0
0 1 0 0 0 0 0 1 1 1
1 1 1 1 1 1 1 1 1 0
0 0 0 0 0 0 0 1 1 1

Estado: 30
1 1 1 1 1 0 0 0 0 0
0 1 0 0 1 0 0 0 1 0
1 1 0 1 1 1 1 0 1 1
1 0 0 0 1 0 0 0 1 1
1 0 1 1 1 1 0 0 0 3
1 0 0 0 0 1 1 1 1 1
1 1 1 1 1 2 0 0 1 0
0 1 0 0 0 0 0 1 1 1
1 1 1 1 1 1 1 1 1 0
0 0 0 0 0 0 0 1 1 1

Estado: 31
1 1 1 1 1 0 0 0 0 0
0 1 0 0 1 0 0 0 1 0
1 1 0 1 1 1 1 0 1 1
1 0 0 0 1 0 0 0 1 1
1 0 1 1 1 1 0 0 0 3
1 0 0 0 0 2 1 1 1 1
1 1 1 1 1 1 0 0 1 0
0 1 0 0 0 0 0 1 1 1
1 1 1 1 1 1 1 1 1 0
0 0 0 0 0 0 0 1 1 1

Estado: 43
1 1 1 1 1 0 0 0 0 0
0 1 0 0 1 0 0 0 1 0
1 1 0 1 1 1 1 0 1 1
1 0 0 0 1 0 0 0 1 1
1 0 1 1 1 1 0 0 0 3
1 0 0 0 0 1 2 1 1 1
1 1 1 1 1 1 0 0 1 0
0 1 0 0 0 0 0 1 1 1
1 1 1 1 1 1 1 1 1 0
0 0 0 0 0 0 0 1 1 1

Estado: 44
1 1 1 1 1 0 0 0 0 0
0 1 0 0 1 0 0 0 1 0
1 1 0 1 1 1 1 0 1 1
1 0 0 0 1 0 0 0 1 1
1 0 1 1 1 1 0 0 0 3
1 0 0 0 0 1 1 2 1 1
1 1 1 1 1 1 0 0 1 0
0 1 0 0 0 0 0 1 1 1
1 1 1 1 1 1 1 1 1 0
0 0 0 0 0 0 0 1 1 1

Estado: 45
1 1 1 1 1 0 0 0 0 0
0 1 0 0 1 0 0 0 1 0
1 1 0 1 1 1 1 0 1 1
1 0 0 0 1 0 0 0 1 1
1 0 1 1 1 1 0 0 0 3
1 0 0 0 0 1 1 1 2 1
1 1 1 1 1 1 0 0 1 0
0 1 0 0 0 0 0 1 1 1
1 1 1 1 1 1 1 1 1 0
0 0 0 0 0 0 0 1 1 1

Estado: 46
1 1 1 1 1 0 0 0 0 0
0 1 0 0 1 0 0 0 1 0
1 1 0 1 1 1 1 0 1 1
1 0 0 0 1 0 0 0 1 1
1 0 1 1 1 1 0 0 0 3
1 0 0 0 0 1 1 1 1 2
1 1 1 1 1 1 0 0 1 0
0 1 0 0 0 0 0 1 1 1
1 1 1 1 1 1 1 1 1 0
0 0 0 0 0 0 0 1 1 1

Estado: 47
1 1 1 1 1 0 0 0 0 0
0 1 0 0 1 0 0 0 1 0
1 1 0 1 1 1 1 0 1 1
1 0 0 0 1 0 0 0 1 1
1 0 1 1 1 1 0 0 0 2
1 0 0 0 0 1 1 1 1 3
1 1 1 1 1 1 0 0 1 0
0 1 0 0 0 0 0 1 1 1
1 1 1 1 1 1 1 1 1 0
0 0 0 0 0 0 0 1 1 1

>> Numero de nos visitados: 50
>> Profundidade: 19
>> Custo da solucao: 20
