>> Solucao encontrada!

Estado: 0
2 1 1 1 1 1
1 0 0 0 0 0
1 0 1 1 1 1
1 1 1 1 0 1
0 0 0 1 0 1
0 0 0 1 0 3

Estado: 1
1 1 1 1 1 1
2 0 0 0 0 0
1 0 1 1 1 1
1 1 1 1 0 1
0 0 0 1 0 1
0 0 0 1 0 3

Estado: 3
1 1 1 1 1 1
1 0 0 0 0 0
2 0 1 1 1 1
1 1 1 1 0 1
0 0 0 1 0 1
0 0 0 1 0 3

Estado: 5
1 1 1 1 1 1
1 0 0 0 0 0
1 0 1 1 1 1
2 1 1 1 0 1
0 0 0 1 0 1
0 0 0 1 0 3

Estado: 7
1 1 1 1 1 1
1 0 0 0 0 0
1 0 1 1 1 1
1 2 1 1 0 1
0 0 0 1 0 1
0 0 0 1 0 3

Estado: 9
1 1 1 1 1 1
1 0 0 0 0 0
1 0 1 1 1 1
1 1 2 1 0 1
0 0 0 1 0 1
0 0 0 1 0 3

Estado: 12
1 1 1 1 1 1
1 0 0 0 0 0
1 0 1 1 1 1
1 1 1 2 0 1
0 0 0 1 0 1
0 0 0 1 0 3

Estado: 13
1 1 1 1 1 1
1 0 0 0 0 0
1 0 1 2 1 1
1 1 1 1 0 1
0 0 0 1 0 1
0 0 0 1 0 3

Estado: 16
1 1 1 1 1 1
1 0 0 0 0 0
1 0 1 1 2 1
1 1 1 1 0 1
0 0 0 1 0 1
0 0 0 1 0 3

Estado: 17
1 1 1 1 1 1
1 0 0 0 0 0
1 0 1 1 1 2
1 1 1 1 0 1
0 0 0 1 0 1
0 0 0 1 0 3

Estado: 18
1 1 1 1 1 1
1 0 0 0 0 0
1 0 1 1 1 1
1 1 1 1 0 2
0 0 0 1 0 1
0 0 0 1 0 3

Estado: 19
1 1 1 1 1 1
1 0 0 0 0 0
1 0 1 1 1 1
1 1 1 1 0 1
0 0 0 1 0 2
0 0 0 1 0 3

Estado: 20
1 1 1 1 1 1
1 0 0 0 0 0
1 0 1 1 1 1
1 1 1 1 0 1
0 0 0 1 0 3
0 0 0 1 0 2

>> Numero de nos visitados: 21
>> Profundidade: 12
>> Custo da solucao: 13
