>> Solucao encontrada!

Estado: 0
2 0 0 0 0 0 0 0 1
1 1 1 1 0 0 0 0 1
1 0 0 1 0 0 1 1 1
1 1 1 1 1 0 0 0 1
1 0 0 0 1 0 0 0 1
1 1 1 0 1 1 0 1 1
1 0 0 0 0 1 0 0 1
0 1 1 1 1 1 0 0 3
1 0 0 0 0 1 1 1 1

Estado: 1
1 0 0 0 0 0 0 0 1
2 1 1 1 0 0 0 0 1
1 0 0 1 0 0 1 1 1
1 1 1 1 1 0 0 0 1
1 0 0 0 1 0 0 0 1
1 1 1 0 1 1 0 1 1
1 0 0 0 0 1 0 0 1
0 1 1 1 1 1 0 0 3
1 0 0 0 0 1 1 1 1

Estado: 2
1 0 0 0 0 0 0 0 1
1 1 1 1 0 0 0 0 1
2 0 0 1 0 0 1 1 1
1 1 1 1 1 0 0 0 1
1 0 0 0 1 0 0 0 1
1 1 1 0 1 1 0 1 1
1 0 0 0 0 1 0 0 1
0 1 1 1 1 1 0 0 3
1 0 0 0 0 1 1 1 1

Estado: 3
1 0 0 0 0 0 0 0 1
1 1 1 1 0 0 0 0 1
1 0 0 1 0 0 1 1 1
2 1 1 1 1 0 0 0 1
1 0 0 0 1 0 0 0 1
1 1 1 0 1 1 0 1 1
1 0 0 0 0 1 0 0 1
0 1 1 1 1 1 0 0 3
1 0 0 0 0 1 1 1 1

Estado: 9
1 0 0 0 0 0 0 0 1
1 1 1 1 0 0 0 0 1
1 0 0 1 0 0 1 1 1
1 2 1 1 1 0 0 0 1
1 0 0 0 1 0 0 0 1
1 1 1 0 1 1 0 1 1
1 0 0 0 0 1 0 0 1
0 1 1 1 1 1 0 0 3
1 0 0 0 0 1 1 1 1

Estado: 10
1 0 0 0 0 0 0 0 1
1 1 1 1 0 0 0 0 1
1 0 0 1 0 0 1 1 1
1 1 2 1 1 0 0 0 1
1 0 0 0 1 0 0 0 1
1 1 1 0 1 1 0 1 1
1 0 0 0 0 1 0 0 1
0 1 1 1 1 1 0 0 3
1 0 0 0 0 1 1 1 1

Estado: 11
1 0 0 0 0 0 0 0 1
1 1 1 1 0 0 0 0 1
1 0 0 1 0 0 1 1 1
1 1 1 2 1 0 0 0 1
1 0 0 0 1 0 0 0 1
1 1 1 0 1 1 0 1 1
1 0 0 0 0 1 0 0 1
0 1 1 1 1 1 0 0 3
1 0 0 0 0 1 1 1 1

Estado: 16
1 0 0 0 0 0 0 0 1
1 1 1 1 0 0 0 0 1
1 0 0 1 0 0 1 1 1
1 1 1 1 2 0 0 0 1
1 0 0 0 1 0 0 0 1
1 1 1 0 1 1 0 1 1
1 0 0 0 0 1 0 0 1
0 1 1 1 1 1 0 0 3
1 0 0 0 0 1 1 1 1

Estado: 17
1 0 0 0 0 0 0 0 1
1 1 1 1 0 0 0 0 1
1 0 0 1 0 0 1 1 1
1 1 1 1 1 0 0 0 1
1 0 0 0 2 0 0 0 1
1 1 1 0 1 1 0 1 1
1 0 0 0 0 1 0 0 1
0 1 1 1 1 1 0 0 3
1 0 0 0 0 1 1 1 1

Estado: 18
1 0 0 0 0 0 0 0 1
1 1 1 1 0 0 0 0 1
1 0 0 1 0 0 1 1 1
1 1 1 1 1 0 0 0 1
1 0 0 0 1 0 0 0 1
1 1 1 0 2 1 0 1 1
1 0 0 0 0 1 0 0 1
0 1 1 1 1 1 0 0 3
1 0 0 0 0 1 1 1 1

Estado: 19
1 0 0 0 0 0 0 0 1
1 1 1 1 0 0 0 0 1
1 0 0 1 0 0 1 1 1
1 1 1 1 1 0 0 0 1
1 0 0 0 1 0 0 0 1
1 1 1 0 1 2 0 1 1
1 0 0 0 0 1 0 0 1
0 1 1 1 1 1 0 0 3
1 0 0 0 0 1 1 1 1

Estado: 20
1 0 0 0 0 0 0 0 1
1 1 1 1 0 0 0 0 1
1 0 0 1 0 0 1 1 1
1 1 1 1 1 0 0 0 1
1 0 0 0 1 0 0 0 1
1 1 1 0 1 1 0 1 1
1 0 0 0 0 2 0 0 1
0 1 1 1 1 1 0 0 3
1 0 0 0 0 1 1 1 1

Estado: 21
1 0 0 0 0 0 0 0 1
1 1 1 1 0 0 0 0 1
1 0 0 1 0 0 1 1 1
1 1 1 1 1 0 0 0 1
1 0 0 0 1 0 0 0 1
1 1 1 0 1 1 0 1 1
1 0 0 0 0 1 0 0 1
0 1 1 1 1 2 0 0 3
1 0 0 0 0 1 1 1 1

Estado: 22
1 0 0 0 0 0 0 0 1
1 1 1 1 0 0 0 0 1
1 0 0 1 0 0 1 1 1
1 1 1 1 1 0 0 0 1
1 0 0 0 1 0 0 0 1
1 1 1 0 1 1 0 1 1
1 0 0 0 0 1 0 0 1
0 1 1 1 1 1 0 0 3
1 0 0 0 0 2 1 1 1

Estado: 23
1 0 0 0 0 0 0 0 1
1 1 1 1 0 0 0 0 1
1 0 0 1 0 0 1 1 1
1 1 1 1 1 0 0 0 1
1 0 0 0 1 0 0 0 1
1 1 1 0 1 1 0 1 1
1 0 0 0 0 1 0 0 1
0 1 1 1 1 1 0 0 3
1 0 0 0 0 1 2 1 1

Estado: 24
1 0 0 0 0 0 0 0 1
1 1 1 1 0 0 0 0 1
1 0 0 1 0 0 1 1 1
1 1 1 1 1 0 0 0 1
1 0 0 0 1 0 0 0 1
1 1 1 0 1 1 0 1 1
1 0 0 0 0 1 0 0 1
0 1 1 1 1 1 0 0 3
1 0 0 0 0 1 1 2 1

Estado: 25
1 0 0 0 0 0 0 0 1
1 1 1 1 0 0 0 0 1
1 0 0 1 0 0 1 1 1
1 1 1 1 1 0 0 0 1
1 0 0 0 1 0 0 0 1
1 1 1 0 1 1 0 1 1
1 0 0 0 0 1 0 0 1
0 1 1 1 1 1 0 0 3
1 0 0 0 0 1 1 1 2

Estado: 26
1 0 0 0 0 0 0 0 1
1 1 1 1 0 0 0 0 1
1 0 0 1 0 0 1 1 1
1 1 1 1 1 0 0 0 1
1 0 0 0 1 0 0 0 1
1 1 1 0 1 1 0 1 1
1 0 0 0 0 1 0 0 1
0 1 1 1 1 1 0 0 2
1 0 0 0 0 1 1 1 3

>> Numero de nos visitados: 31
>> Profundidade: 17
>> Custo da solucao: 18
