>> Solucao encontrada!

Estado: 0
2 0 0 0 0 1 1 0 1
1 1 1 1 0 1 0 0 1
1 0 0 1 0 1 1 1 1
1 1 1 1 1 1 0 0 1
1 0 0 0 1 1 1 0 1
1 1 1 0 1 0 0 1 1
1 0 0 0 0 1 0 0 1
0 1 1 1 1 1 0 1 3
1 0 0 0 0 1 1 1 1

Estado: 1
1 0 0 0 0 1 1 0 1
2 1 1 1 0 1 0 0 1
1 0 0 1 0 1 1 1 1
1 1 1 1 1 1 0 0 1
1 0 0 0 1 1 1 0 1
1 1 1 0 1 0 0 1 1
1 0 0 0 0 1 0 0 1
0 1 1 1 1 1 0 1 3
1 0 0 0 0 1 1 1 1

Estado: 2
1 0 0 0 0 1 1 0 1
1 1 1 1 0 1 0 0 1
2 0 0 1 0 1 1 1 1
1 1 1 1 1 1 0 0 1
1 0 0 0 1 1 1 0 1
1 1 1 0 1 0 0 1 1
1 0 0 0 0 1 0 0 1
0 1 1 1 1 1 0 1 3
1 0 0 0 0 1 1 1 1

Estado: 3
1 0 0 0 0 1 1 0 1
1 1 1 1 0 1 0 0 1
1 0 0 1 0 1 1 1 1
2 1 1 1 1 1 0 0 1
1 0 0 0 1 1 1 0 1
1 1 1 0 1 0 0 1 1
1 0 0 0 0 1 0 0 1
0 1 1 1 1 1 0 1 3
1 0 0 0 0 1 1 1 1

Estado: 9
1 0 0 0 0 1 1 0 1
1 1 1 1 0 1 0 0 1
1 0 0 1 0 1 1 1 1
1 2 1 1 1 1 0 0 1
1 0 0 0 1 1 1 0 1
1 1 1 0 1 0 0 1 1
1 0 0 0 0 1 0 0 1
0 1 1 1 1 1 0 1 3
1 0 0 0 0 1 1 1 1

Estado: 10
1 0 0 0 0 1 1 0 1
1 1 1 1 0 1 0 0 1
1 0 0 1 0 1 1 1 1
1 1 2 1 1 1 0 0 1
1 0 0 0 1 1 1 0 1
1 1 1 0 1 0 0 1 1
1 0 0 0 0 1 0 0 1
0 1 1 1 1 1 0 1 3
1 0 0 0 0 1 1 1 1

Estado: 11
1 0 0 0 0 1 1 0 1
1 1 1 1 0 1 0 0 1
1 0 0 1 0 1 1 1 1
1 1 1 2 1 1 0 0 1
1 0 0 0 1 1 1 0 1
1 1 1 0 1 0 0 1 1
1 0 0 0 0 1 0 0 1
0 1 1 1 1 1 0 1 3
1 0 0 0 0 1 1 1 1

Estado: 16
1 0 0 0 0 1 1 0 1
1 1 1 1 0 1 0 0 1
1 0 0 1 0 1 1 1 1
1 1 1 1 2 1 0 0 1
1 0 0 0 1 1 1 0 1
1 1 1 0 1 0 0 1 1
1 0 0 0 0 1 0 0 1
0 1 1 1 1 1 0 1 3
1 0 0 0 0 1 1 1 1

Estado: 17
1 0 0 0 0 1 1 0 1
1 1 1 1 0 1 0 0 1
1 0 0 1 0 1 1 1 1
1 1 1 1 1 1 0 0 1
1 0 0 0 2 1 1 0 1
1 1 1 0 1 0 0 1 1
1 0 0 0 0 1 0 0 1
0 1 1 1 1 1 0 1 3
1 0 0 0 0 1 1 1 1

Estado: 19
1 0 0 0 0 1 1 0 1
1 1 1 1 0 1 0 0 1
1 0 0 1 0 1 1 1 1
1 1 1 1 1 1 0 0 1
1 0 0 0 1 2 1 0 1
1 1 1 0 1 0 0 1 1
1 0 0 0 0 1 0 0 1
0 1 1 1 1 1 0 1 3
1 0 0 0 0 1 1 1 1

Estado: 20
1 0 0 0 0 1 1 0 1
1 1 1 1 0 1 0 0 1
1 0 0 1 0 1 1 1 1
1 1 1 1 1 2 0 0 1
1 0 0 0 1 1 1 0 1
1 1 1 0 1 0 0 1 1
1 0 0 0 0 1 0 0 1
0 1 1 1 1 1 0 1 3
1 0 0 0 0 1 1 1 1

Estado: 21
1 0 0 0 0 1 1 0 1
1 1 1 1 0 1 0 0 1
1 0 0 1 0 2 1 1 1
1 1 1 1 1 1 0 0 1
1 0 0 0 1 1 1 0 1
1 1 1 0 1 0 0 1 1
1 0 0 0 0 1 0 0 1
0 1 1 1 1 1 0 1 3
1 0 0 0 0 1 1 1 1

Estado: 25
1 0 0 0 0 1 1 0 1
1 1 1 1 0 1 0 0 1
1 0 0 1 0 1 2 1 1
1 1 1 1 1 1 0 0 1
1 0 0 0 1 1 1 0 1
1 1 1 0 1 0 0 1 1
1 0 0 0 0 1 0 0 1
0 1 1 1 1 1 0 1 3
1 0 0 0 0 1 1 1 1

Estado: 26
1 0 0 0 0 1 1 0 1
1 1 1 1 0 1 0 0 1
1 0 0 1 0 1 1 2 1
1 1 1 1 1 1 0 0 1
1 0 0 0 1 1 1 0 1
1 1 1 0 1 0 0 1 1
1 0 0 0 0 1 0 0 1
0 1 1 1 1 1 0 1 3
1 0 0 0 0 1 1 1 1

Estado: 27
1 0 0 0 0 1 1 0 1
1 1 1 1 0 1 0 0 1
1 0 0 1 0 1 1 1 2
1 1 1 1 1 1 0 0 1
1 0 0 0 1 1 1 0 1
1 1 1 0 1 0 0 1 1
1 0 0 0 0 1 0 0 1
0 1 1 1 1 1 0 1 3
1 0 0 0 0 1 1 1 1

Estado: 30
1 0 0 0 0 1 1 0 1
1 1 1 1 0 1 0 0 1
1 0 0 1 0 1 1 1 1
1 1 1 1 1 1 0 0 2
1 0 0 0 1 1 1 0 1
1 1 1 0 1 0 0 1 1
1 0 0 0 0 1 0 0 1
0 1 1 1 1 1 0 1 3
1 0 0 0 0 1 1 1 1

Estado: 31
1 0 0 0 0 1 1 0 1
1 1 1 1 0 1 0 0 1
1 0 0 1 0 1 1 1 1
1 1 1 1 1 1 0 0 1
1 0 0 0 1 1 1 0 2
1 1 1 0 1 0 0 1 1
1 0 0 0 0 1 0 0 1
0 1 1 1 1 1 0 1 3
1 0 0 0 0 1 1 1 1

Estado: 32
1 0 0 0 0 1 1 0 1
1 1 1 1 0 1 0 0 1
1 0 0 1 0 1 1 1 1
1 1 1 1 1 1 0 0 1
1 0 0 0 1 1 1 0 1
1 1 1 0 1 0 0 1 2
1 0 0 0 0 1 0 0 1
0 1 1 1 1 1 0 1 3
1 0 0 0 0 1 1 1 1

Estado: 33
1 0 0 0 0 1 1 0 1
1 1 1 1 0 1 0 0 1
1 0 0 1 0 1 1 1 1
1 1 1 1 1 1 0 0 1
1 0 0 0 1 1 1 0 1
1 1 1 0 1 0 0 1 1
1 0 0 0 0 1 0 0 2
0 1 1 1 1 1 0 1 3
1 0 0 0 0 1 1 1 1

Estado: 34
1 0 0 0 0 1 1 0 1
1 1 1 1 0 1 0 0 1
1 0 0 1 0 1 1 1 1
1 1 1 1 1 1 0 0 1
1 0 0 0 1 1 1 0 1
1 1 1 0 1 0 0 1 1
1 0 0 0 0 1 0 0 3
0 1 1 1 1 1 0 1 2
1 0 0 0 0 1 1 1 1

>> Numero de nos visitados: 37
>> Profundidade: 19
>> Custo da solucao: 20
