Teste 1: 
>> Estado: 1
2 0 0 0 0 1 1 1 1 
1 1 0 0 0 1 0 0 1 
1 1 1 0 0 1 0 0 1 
1 0 1 1 1 1 0 0 1 
1 0 0 0 0 0 0 0 1 
1 1 0 0 0 0 1 1 1 
0 1 1 1 1 1 1 0 3 
1 0 0 1 0 0 0 0 1 
0 0 0 1 1 1 0 1 1 

>> Estado: 2
1 0 0 0 0 1 1 1 1 
2 1 0 0 0 1 0 0 1 
1 1 1 0 0 1 0 0 1 
1 0 1 1 1 1 0 0 1 
1 0 0 0 0 0 0 0 1 
1 1 0 0 0 0 1 1 1 
0 1 1 1 1 1 1 0 3 
1 0 0 1 0 0 0 0 1 
0 0 0 1 1 1 0 1 1 

>> Estado: 3
1 0 0 0 0 1 1 1 1 
1 1 0 0 0 1 0 0 1 
2 1 1 0 0 1 0 0 1 
1 0 1 1 1 1 0 0 1 
1 0 0 0 0 0 0 0 1 
1 1 0 0 0 0 1 1 1 
0 1 1 1 1 1 1 0 3 
1 0 0 1 0 0 0 0 1 
0 0 0 1 1 1 0 1 1 

>> Estado: 4
1 0 0 0 0 1 1 1 1 
1 2 0 0 0 1 0 0 1 
1 1 1 0 0 1 0 0 1 
1 0 1 1 1 1 0 0 1 
1 0 0 0 0 0 0 0 1 
1 1 0 0 0 0 1 1 1 
0 1 1 1 1 1 1 0 3 
1 0 0 1 0 0 0 0 1 
0 0 0 1 1 1 0 1 1 

>> Estado: 5
1 0 0 0 0 1 1 1 1 
1 1 0 0 0 1 0 0 1 
1 1 1 0 0 1 0 0 1 
2 0 1 1 1 1 0 0 1 
1 0 0 0 0 0 0 0 1 
1 1 0 0 0 0 1 1 1 
0 1 1 1 1 1 1 0 3 
1 0 0 1 0 0 0 0 1 
0 0 0 1 1 1 0 1 1 

>> Estado: 6
1 0 0 0 0 1 1 1 1 
1 1 0 0 0 1 0 0 1 
1 2 1 0 0 1 0 0 1 
1 0 1 1 1 1 0 0 1 
1 0 0 0 0 0 0 0 1 
1 1 0 0 0 0 1 1 1 
0 1 1 1 1 1 1 0 3 
1 0 0 1 0 0 0 0 1 
0 0 0 1 1 1 0 1 1 

>> Estado: 7
1 0 0 0 0 1 1 1 1 
1 1 0 0 0 1 0 0 1 
1 1 1 0 0 1 0 0 1 
1 0 1 1 1 1 0 0 1 
2 0 0 0 0 0 0 0 1 
1 1 0 0 0 0 1 1 1 
0 1 1 1 1 1 1 0 3 
1 0 0 1 0 0 0 0 1 
0 0 0 1 1 1 0 1 1 

>> Estado: 8
1 0 0 0 0 1 1 1 1 
1 1 0 0 0 1 0 0 1 
1 1 2 0 0 1 0 0 1 
1 0 1 1 1 1 0 0 1 
1 0 0 0 0 0 0 0 1 
1 1 0 0 0 0 1 1 1 
0 1 1 1 1 1 1 0 3 
1 0 0 1 0 0 0 0 1 
0 0 0 1 1 1 0 1 1 

>> Estado: 9
1 0 0 0 0 1 1 1 1 
1 1 0 0 0 1 0 0 1 
1 1 1 0 0 1 0 0 1 
1 0 1 1 1 1 0 0 1 
1 0 0 0 0 0 0 0 1 
2 1 0 0 0 0 1 1 1 
0 1 1 1 1 1 1 0 3 
1 0 0 1 0 0 0 0 1 
0 0 0 1 1 1 0 1 1 

>> Estado: 10
1 0 0 0 0 1 1 1 1 
1 1 0 0 0 1 0 0 1 
1 1 1 0 0 1 0 0 1 
1 0 2 1 1 1 0 0 1 
1 0 0 0 0 0 0 0 1 
1 1 0 0 0 0 1 1 1 
0 1 1 1 1 1 1 0 3 
1 0 0 1 0 0 0 0 1 
0 0 0 1 1 1 0 1 1 

>> Estado: 11
1 0 0 0 0 1 1 1 1 
1 1 0 0 0 1 0 0 1 
1 1 1 0 0 1 0 0 1 
1 0 1 1 1 1 0 0 1 
1 0 0 0 0 0 0 0 1 
1 2 0 0 0 0 1 1 1 
0 1 1 1 1 1 1 0 3 
1 0 0 1 0 0 0 0 1 
0 0 0 1 1 1 0 1 1 

>> Estado: 12
1 0 0 0 0 1 1 1 1 
1 1 0 0 0 1 0 0 1 
1 1 1 0 0 1 0 0 1 
1 0 1 2 1 1 0 0 1 
1 0 0 0 0 0 0 0 1 
1 1 0 0 0 0 1 1 1 
0 1 1 1 1 1 1 0 3 
1 0 0 1 0 0 0 0 1 
0 0 0 1 1 1 0 1 1 

>> Estado: 13
1 0 0 0 0 1 1 1 1 
1 1 0 0 0 1 0 0 1 
1 1 1 0 0 1 0 0 1 
1 0 1 1 1 1 0 0 1 
1 0 0 0 0 0 0 0 1 
1 1 0 0 0 0 1 1 1 
0 2 1 1 1 1 1 0 3 
1 0 0 1 0 0 0 0 1 
0 0 0 1 1 1 0 1 1 

>> Estado: 14
1 0 0 0 0 1 1 1 1 
1 1 0 0 0 1 0 0 1 
1 1 1 0 0 1 0 0 1 
1 0 1 1 2 1 0 0 1 
1 0 0 0 0 0 0 0 1 
1 1 0 0 0 0 1 1 1 
0 1 1 1 1 1 1 0 3 
1 0 0 1 0 0 0 0 1 
0 0 0 1 1 1 0 1 1 

>> Estado: 15
1 0 0 0 0 1 1 1 1 
1 1 0 0 0 1 0 0 1 
1 1 1 0 0 1 0 0 1 
1 0 1 1 1 1 0 0 1 
1 0 0 0 0 0 0 0 1 
1 1 0 0 0 0 1 1 1 
0 1 2 1 1 1 1 0 3 
1 0 0 1 0 0 0 0 1 
0 0 0 1 1 1 0 1 1 

>> Estado: 16
1 0 0 0 0 1 1 1 1 
1 1 0 0 0 1 0 0 1 
1 1 1 0 0 1 0 0 1 
1 0 1 1 1 2 0 0 1 
1 0 0 0 0 0 0 0 1 
1 1 0 0 0 0 1 1 1 
0 1 1 1 1 1 1 0 3 
1 0 0 1 0 0 0 0 1 
0 0 0 1 1 1 0 1 1 

>> Estado: 17
1 0 0 0 0 1 1 1 1 
1 1 0 0 0 1 0 0 1 
1 1 1 0 0 1 0 0 1 
1 0 1 1 1 1 0 0 1 
1 0 0 0 0 0 0 0 1 
1 1 0 0 0 0 1 1 1 
0 1 1 2 1 1 1 0 3 
1 0 0 1 0 0 0 0 1 
0 0 0 1 1 1 0 1 1 

>> Estado: 18
1 0 0 0 0 1 1 1 1 
1 1 0 0 0 1 0 0 1 
1 1 1 0 0 2 0 0 1 
1 0 1 1 1 1 0 0 1 
1 0 0 0 0 0 0 0 1 
1 1 0 0 0 0 1 1 1 
0 1 1 1 1 1 1 0 3 
1 0 0 1 0 0 0 0 1 
0 0 0 1 1 1 0 1 1 

>> Estado: 19
1 0 0 0 0 1 1 1 1 
1 1 0 0 0 1 0 0 1 
1 1 1 0 0 1 0 0 1 
1 0 1 1 1 1 0 0 1 
1 0 0 0 0 0 0 0 1 
1 1 0 0 0 0 1 1 1 
0 1 1 1 1 1 1 0 3 
1 0 0 2 0 0 0 0 1 
0 0 0 1 1 1 0 1 1 

>> Estado: 20
1 0 0 0 0 1 1 1 1 
1 1 0 0 0 1 0 0 1 
1 1 1 0 0 1 0 0 1 
1 0 1 1 1 1 0 0 1 
1 0 0 0 0 0 0 0 1 
1 1 0 0 0 0 1 1 1 
0 1 1 1 2 1 1 0 3 
1 0 0 1 0 0 0 0 1 
0 0 0 1 1 1 0 1 1 

>> Estado: 21
1 0 0 0 0 1 1 1 1 
1 1 0 0 0 2 0 0 1 
1 1 1 0 0 1 0 0 1 
1 0 1 1 1 1 0 0 1 
1 0 0 0 0 0 0 0 1 
1 1 0 0 0 0 1 1 1 
0 1 1 1 1 1 1 0 3 
1 0 0 1 0 0 0 0 1 
0 0 0 1 1 1 0 1 1 

>> Estado: 22
1 0 0 0 0 1 1 1 1 
1 1 0 0 0 1 0 0 1 
1 1 1 0 0 1 0 0 1 
1 0 1 1 1 1 0 0 1 
1 0 0 0 0 0 0 0 1 
1 1 0 0 0 0 1 1 1 
0 1 1 1 1 1 1 0 3 
1 0 0 1 0 0 0 0 1 
0 0 0 2 1 1 0 1 1 

>> Estado: 23
1 0 0 0 0 1 1 1 1 
1 1 0 0 0 1 0 0 1 
1 1 1 0 0 1 0 0 1 
1 0 1 1 1 1 0 0 1 
1 0 0 0 0 0 0 0 1 
1 1 0 0 0 0 1 1 1 
0 1 1 1 1 2 1 0 3 
1 0 0 1 0 0 0 0 1 
0 0 0 1 1 1 0 1 1 

>> Estado: 24
1 0 0 0 0 2 1 1 1 
1 1 0 0 0 1 0 0 1 
1 1 1 0 0 1 0 0 1 
1 0 1 1 1 1 0 0 1 
1 0 0 0 0 0 0 0 1 
1 1 0 0 0 0 1 1 1 
0 1 1 1 1 1 1 0 3 
1 0 0 1 0 0 0 0 1 
0 0 0 1 1 1 0 1 1 

>> Estado: 25
1 0 0 0 0 1 1 1 1 
1 1 0 0 0 1 0 0 1 
1 1 1 0 0 1 0 0 1 
1 0 1 1 1 1 0 0 1 
1 0 0 0 0 0 0 0 1 
1 1 0 0 0 0 1 1 1 
0 1 1 1 1 1 1 0 3 
1 0 0 1 0 0 0 0 1 
0 0 0 1 2 1 0 1 1 

>> Estado: 26
1 0 0 0 0 1 1 1 1 
1 1 0 0 0 1 0 0 1 
1 1 1 0 0 1 0 0 1 
1 0 1 1 1 1 0 0 1 
1 0 0 0 0 0 0 0 1 
1 1 0 0 0 0 1 1 1 
0 1 1 1 1 1 2 0 3 
1 0 0 1 0 0 0 0 1 
0 0 0 1 1 1 0 1 1 

>> Estado: 27
1 0 0 0 0 1 2 1 1 
1 1 0 0 0 1 0 0 1 
1 1 1 0 0 1 0 0 1 
1 0 1 1 1 1 0 0 1 
1 0 0 0 0 0 0 0 1 
1 1 0 0 0 0 1 1 1 
0 1 1 1 1 1 1 0 3 
1 0 0 1 0 0 0 0 1 
0 0 0 1 1 1 0 1 1 

>> Estado: 28
1 0 0 0 0 1 1 1 1 
1 1 0 0 0 1 0 0 1 
1 1 1 0 0 1 0 0 1 
1 0 1 1 1 1 0 0 1 
1 0 0 0 0 0 0 0 1 
1 1 0 0 0 0 1 1 1 
0 1 1 1 1 1 1 0 3 
1 0 0 1 0 0 0 0 1 
0 0 0 1 1 2 0 1 1 

>> Estado: 29
1 0 0 0 0 1 1 1 1 
1 1 0 0 0 1 0 0 1 
1 1 1 0 0 1 0 0 1 
1 0 1 1 1 1 0 0 1 
1 0 0 0 0 0 0 0 1 
1 1 0 0 0 0 2 1 1 
0 1 1 1 1 1 1 0 3 
1 0 0 1 0 0 0 0 1 
0 0 0 1 1 1 0 1 1 

>> Estado: 30
1 0 0 0 0 1 1 2 1 
1 1 0 0 0 1 0 0 1 
1 1 1 0 0 1 0 0 1 
1 0 1 1 1 1 0 0 1 
1 0 0 0 0 0 0 0 1 
1 1 0 0 0 0 1 1 1 
0 1 1 1 1 1 1 0 3 
1 0 0 1 0 0 0 0 1 
0 0 0 1 1 1 0 1 1 

>> Estado: 31
1 0 0 0 0 1 1 1 1 
1 1 0 0 0 1 0 0 1 
1 1 1 0 0 1 0 0 1 
1 0 1 1 1 1 0 0 1 
1 0 0 0 0 0 0 0 1 
1 1 0 0 0 0 1 2 1 
0 1 1 1 1 1 1 0 3 
1 0 0 1 0 0 0 0 1 
0 0 0 1 1 1 0 1 1 

>> Estado: 32
1 0 0 0 0 1 1 1 2 
1 1 0 0 0 1 0 0 1 
1 1 1 0 0 1 0 0 1 
1 0 1 1 1 1 0 0 1 
1 0 0 0 0 0 0 0 1 
1 1 0 0 0 0 1 1 1 
0 1 1 1 1 1 1 0 3 
1 0 0 1 0 0 0 0 1 
0 0 0 1 1 1 0 1 1 

>> Estado: 33
1 0 0 0 0 1 1 1 1 
1 1 0 0 0 1 0 0 1 
1 1 1 0 0 1 0 0 1 
1 0 1 1 1 1 0 0 1 
1 0 0 0 0 0 0 0 1 
1 1 0 0 0 0 1 1 2 
0 1 1 1 1 1 1 0 3 
1 0 0 1 0 0 0 0 1 
0 0 0 1 1 1 0 1 1 

>> Estado: 34
1 0 0 0 0 1 1 1 1 
1 1 0 0 0 1 0 0 2 
1 1 1 0 0 1 0 0 1 
1 0 1 1 1 1 0 0 1 
1 0 0 0 0 0 0 0 1 
1 1 0 0 0 0 1 1 1 
0 1 1 1 1 1 1 0 3 
1 0 0 1 0 0 0 0 1 
0 0 0 1 1 1 0 1 1 

>> Estado: 35
1 0 0 0 0 1 1 1 1 
1 1 0 0 0 1 0 0 1 
1 1 1 0 0 1 0 0 1 
1 0 1 1 1 1 0 0 1 
1 0 0 0 0 0 0 0 2 
1 1 0 0 0 0 1 1 1 
0 1 1 1 1 1 1 0 3 
1 0 0 1 0 0 0 0 1 
0 0 0 1 1 1 0 1 1 

>> Estado: 36
1 0 0 0 0 1 1 1 1 
1 1 0 0 0 1 0 0 1 
1 1 1 0 0 1 0 0 1 
1 0 1 1 1 1 0 0 1 
1 0 0 0 0 0 0 0 1 
1 1 0 0 0 0 1 1 3 
0 1 1 1 1 1 1 0 2 
1 0 0 1 0 0 0 0 1 
0 0 0 1 1 1 0 1 1 

>> Encontrei!
>> Profundidade da meta: 16
>> Total de nos: 36
>> Tempo de execucao: 0.00000 segundos.

=============================================

Teste 2: 
>> Estado: 1
2 0 0 0 0 0 0 0 1 
1 1 1 1 0 0 0 0 1 
1 0 0 1 0 0 1 1 1 
1 1 1 1 1 0 0 0 1 
1 0 0 0 1 0 0 0 1 
1 1 1 0 1 1 0 1 1 
1 0 0 0 0 1 0 0 1 
0 1 1 1 1 1 0 0 3 
1 0 0 0 0 1 1 1 1 

>> Estado: 2
1 0 0 0 0 0 0 0 1 
2 1 1 1 0 0 0 0 1 
1 0 0 1 0 0 1 1 1 
1 1 1 1 1 0 0 0 1 
1 0 0 0 1 0 0 0 1 
1 1 1 0 1 1 0 1 1 
1 0 0 0 0 1 0 0 1 
0 1 1 1 1 1 0 0 3 
1 0 0 0 0 1 1 1 1 

>> Estado: 3
1 0 0 0 0 0 0 0 1 
1 1 1 1 0 0 0 0 1 
2 0 0 1 0 0 1 1 1 
1 1 1 1 1 0 0 0 1 
1 0 0 0 1 0 0 0 1 
1 1 1 0 1 1 0 1 1 
1 0 0 0 0 1 0 0 1 
0 1 1 1 1 1 0 0 3 
1 0 0 0 0 1 1 1 1 

>> Estado: 4
1 0 0 0 0 0 0 0 1 
1 2 1 1 0 0 0 0 1 
1 0 0 1 0 0 1 1 1 
1 1 1 1 1 0 0 0 1 
1 0 0 0 1 0 0 0 1 
1 1 1 0 1 1 0 1 1 
1 0 0 0 0 1 0 0 1 
0 1 1 1 1 1 0 0 3 
1 0 0 0 0 1 1 1 1 

>> Estado: 5
1 0 0 0 0 0 0 0 1 
1 1 1 1 0 0 0 0 1 
1 0 0 1 0 0 1 1 1 
2 1 1 1 1 0 0 0 1 
1 0 0 0 1 0 0 0 1 
1 1 1 0 1 1 0 1 1 
1 0 0 0 0 1 0 0 1 
0 1 1 1 1 1 0 0 3 
1 0 0 0 0 1 1 1 1 

>> Estado: 6
1 0 0 0 0 0 0 0 1 
1 1 2 1 0 0 0 0 1 
1 0 0 1 0 0 1 1 1 
1 1 1 1 1 0 0 0 1 
1 0 0 0 1 0 0 0 1 
1 1 1 0 1 1 0 1 1 
1 0 0 0 0 1 0 0 1 
0 1 1 1 1 1 0 0 3 
1 0 0 0 0 1 1 1 1 

>> Estado: 7
1 0 0 0 0 0 0 0 1 
1 1 1 1 0 0 0 0 1 
1 0 0 1 0 0 1 1 1 
1 1 1 1 1 0 0 0 1 
2 0 0 0 1 0 0 0 1 
1 1 1 0 1 1 0 1 1 
1 0 0 0 0 1 0 0 1 
0 1 1 1 1 1 0 0 3 
1 0 0 0 0 1 1 1 1 

>> Estado: 8
1 0 0 0 0 0 0 0 1 
1 1 1 1 0 0 0 0 1 
1 0 0 1 0 0 1 1 1 
1 2 1 1 1 0 0 0 1 
1 0 0 0 1 0 0 0 1 
1 1 1 0 1 1 0 1 1 
1 0 0 0 0 1 0 0 1 
0 1 1 1 1 1 0 0 3 
1 0 0 0 0 1 1 1 1 

>> Estado: 9
1 0 0 0 0 0 0 0 1 
1 1 1 2 0 0 0 0 1 
1 0 0 1 0 0 1 1 1 
1 1 1 1 1 0 0 0 1 
1 0 0 0 1 0 0 0 1 
1 1 1 0 1 1 0 1 1 
1 0 0 0 0 1 0 0 1 
0 1 1 1 1 1 0 0 3 
1 0 0 0 0 1 1 1 1 

>> Estado: 10
1 0 0 0 0 0 0 0 1 
1 1 1 1 0 0 0 0 1 
1 0 0 1 0 0 1 1 1 
1 1 1 1 1 0 0 0 1 
1 0 0 0 1 0 0 0 1 
2 1 1 0 1 1 0 1 1 
1 0 0 0 0 1 0 0 1 
0 1 1 1 1 1 0 0 3 
1 0 0 0 0 1 1 1 1 

>> Estado: 11
1 0 0 0 0 0 0 0 1 
1 1 1 1 0 0 0 0 1 
1 0 0 1 0 0 1 1 1 
1 1 2 1 1 0 0 0 1 
1 0 0 0 1 0 0 0 1 
1 1 1 0 1 1 0 1 1 
1 0 0 0 0 1 0 0 1 
0 1 1 1 1 1 0 0 3 
1 0 0 0 0 1 1 1 1 

>> Estado: 12
1 0 0 0 0 0 0 0 1 
1 1 1 1 0 0 0 0 1 
1 0 0 2 0 0 1 1 1 
1 1 1 1 1 0 0 0 1 
1 0 0 0 1 0 0 0 1 
1 1 1 0 1 1 0 1 1 
1 0 0 0 0 1 0 0 1 
0 1 1 1 1 1 0 0 3 
1 0 0 0 0 1 1 1 1 

>> Estado: 13
1 0 0 0 0 0 0 0 1 
1 1 1 1 0 0 0 0 1 
1 0 0 1 0 0 1 1 1 
1 1 1 1 1 0 0 0 1 
1 0 0 0 1 0 0 0 1 
1 1 1 0 1 1 0 1 1 
2 0 0 0 0 1 0 0 1 
0 1 1 1 1 1 0 0 3 
1 0 0 0 0 1 1 1 1 

>> Estado: 14
1 0 0 0 0 0 0 0 1 
1 1 1 1 0 0 0 0 1 
1 0 0 1 0 0 1 1 1 
1 1 1 1 1 0 0 0 1 
1 0 0 0 1 0 0 0 1 
1 2 1 0 1 1 0 1 1 
1 0 0 0 0 1 0 0 1 
0 1 1 1 1 1 0 0 3 
1 0 0 0 0 1 1 1 1 

>> Estado: 15
1 0 0 0 0 0 0 0 1 
1 1 1 1 0 0 0 0 1 
1 0 0 1 0 0 1 1 1 
1 1 1 2 1 0 0 0 1 
1 0 0 0 1 0 0 0 1 
1 1 1 0 1 1 0 1 1 
1 0 0 0 0 1 0 0 1 
0 1 1 1 1 1 0 0 3 
1 0 0 0 0 1 1 1 1 

>> Estado: 16
1 0 0 0 0 0 0 0 1 
1 1 1 1 0 0 0 0 1 
1 0 0 1 0 0 1 1 1 
1 1 1 1 1 0 0 0 1 
1 0 0 0 1 0 0 0 1 
1 1 2 0 1 1 0 1 1 
1 0 0 0 0 1 0 0 1 
0 1 1 1 1 1 0 0 3 
1 0 0 0 0 1 1 1 1 

>> Estado: 17
1 0 0 0 0 0 0 0 1 
1 1 1 1 0 0 0 0 1 
1 0 0 1 0 0 1 1 1 
1 1 1 1 2 0 0 0 1 
1 0 0 0 1 0 0 0 1 
1 1 1 0 1 1 0 1 1 
1 0 0 0 0 1 0 0 1 
0 1 1 1 1 1 0 0 3 
1 0 0 0 0 1 1 1 1 

>> Estado: 18
1 0 0 0 0 0 0 0 1 
1 1 1 1 0 0 0 0 1 
1 0 0 1 0 0 1 1 1 
1 1 1 1 1 0 0 0 1 
1 0 0 0 2 0 0 0 1 
1 1 1 0 1 1 0 1 1 
1 0 0 0 0 1 0 0 1 
0 1 1 1 1 1 0 0 3 
1 0 0 0 0 1 1 1 1 

>> Estado: 19
1 0 0 0 0 0 0 0 1 
1 1 1 1 0 0 0 0 1 
1 0 0 1 0 0 1 1 1 
1 1 1 1 1 0 0 0 1 
1 0 0 0 1 0 0 0 1 
1 1 1 0 2 1 0 1 1 
1 0 0 0 0 1 0 0 1 
0 1 1 1 1 1 0 0 3 
1 0 0 0 0 1 1 1 1 

>> Estado: 20
1 0 0 0 0 0 0 0 1 
1 1 1 1 0 0 0 0 1 
1 0 0 1 0 0 1 1 1 
1 1 1 1 1 0 0 0 1 
1 0 0 0 1 0 0 0 1 
1 1 1 0 1 2 0 1 1 
1 0 0 0 0 1 0 0 1 
0 1 1 1 1 1 0 0 3 
1 0 0 0 0 1 1 1 1 

>> Estado: 21
1 0 0 0 0 0 0 0 1 
1 1 1 1 0 0 0 0 1 
1 0 0 1 0 0 1 1 1 
1 1 1 1 1 0 0 0 1 
1 0 0 0 1 0 0 0 1 
1 1 1 0 1 1 0 1 1 
1 0 0 0 0 2 0 0 1 
0 1 1 1 1 1 0 0 3 
1 0 0 0 0 1 1 1 1 

>> Estado: 22
1 0 0 0 0 0 0 0 1 
1 1 1 1 0 0 0 0 1 
1 0 0 1 0 0 1 1 1 
1 1 1 1 1 0 0 0 1 
1 0 0 0 1 0 0 0 1 
1 1 1 0 1 1 0 1 1 
1 0 0 0 0 1 0 0 1 
0 1 1 1 1 2 0 0 3 
1 0 0 0 0 1 1 1 1 

>> Estado: 23
1 0 0 0 0 0 0 0 1 
1 1 1 1 0 0 0 0 1 
1 0 0 1 0 0 1 1 1 
1 1 1 1 1 0 0 0 1 
1 0 0 0 1 0 0 0 1 
1 1 1 0 1 1 0 1 1 
1 0 0 0 0 1 0 0 1 
0 1 1 1 1 1 0 0 3 
1 0 0 0 0 2 1 1 1 

>> Estado: 24
1 0 0 0 0 0 0 0 1 
1 1 1 1 0 0 0 0 1 
1 0 0 1 0 0 1 1 1 
1 1 1 1 1 0 0 0 1 
1 0 0 0 1 0 0 0 1 
1 1 1 0 1 1 0 1 1 
1 0 0 0 0 1 0 0 1 
0 1 1 1 2 1 0 0 3 
1 0 0 0 0 1 1 1 1 

>> Estado: 25
1 0 0 0 0 0 0 0 1 
1 1 1 1 0 0 0 0 1 
1 0 0 1 0 0 1 1 1 
1 1 1 1 1 0 0 0 1 
1 0 0 0 1 0 0 0 1 
1 1 1 0 1 1 0 1 1 
1 0 0 0 0 1 0 0 1 
0 1 1 1 1 1 0 0 3 
1 0 0 0 0 1 2 1 1 

>> Estado: 26
1 0 0 0 0 0 0 0 1 
1 1 1 1 0 0 0 0 1 
1 0 0 1 0 0 1 1 1 
1 1 1 1 1 0 0 0 1 
1 0 0 0 1 0 0 0 1 
1 1 1 0 1 1 0 1 1 
1 0 0 0 0 1 0 0 1 
0 1 1 2 1 1 0 0 3 
1 0 0 0 0 1 1 1 1 

>> Estado: 27
1 0 0 0 0 0 0 0 1 
1 1 1 1 0 0 0 0 1 
1 0 0 1 0 0 1 1 1 
1 1 1 1 1 0 0 0 1 
1 0 0 0 1 0 0 0 1 
1 1 1 0 1 1 0 1 1 
1 0 0 0 0 1 0 0 1 
0 1 1 1 1 1 0 0 3 
1 0 0 0 0 1 1 2 1 

>> Estado: 28
1 0 0 0 0 0 0 0 1 
1 1 1 1 0 0 0 0 1 
1 0 0 1 0 0 1 1 1 
1 1 1 1 1 0 0 0 1 
1 0 0 0 1 0 0 0 1 
1 1 1 0 1 1 0 1 1 
1 0 0 0 0 1 0 0 1 
0 1 2 1 1 1 0 0 3 
1 0 0 0 0 1 1 1 1 

>> Estado: 29
1 0 0 0 0 0 0 0 1 
1 1 1 1 0 0 0 0 1 
1 0 0 1 0 0 1 1 1 
1 1 1 1 1 0 0 0 1 
1 0 0 0 1 0 0 0 1 
1 1 1 0 1 1 0 1 1 
1 0 0 0 0 1 0 0 1 
0 1 1 1 1 1 0 0 3 
1 0 0 0 0 1 1 1 2 

>> Estado: 30
1 0 0 0 0 0 0 0 1 
1 1 1 1 0 0 0 0 1 
1 0 0 1 0 0 1 1 1 
1 1 1 1 1 0 0 0 1 
1 0 0 0 1 0 0 0 1 
1 1 1 0 1 1 0 1 1 
1 0 0 0 0 1 0 0 1 
0 2 1 1 1 1 0 0 3 
1 0 0 0 0 1 1 1 1 

>> Estado: 31
1 0 0 0 0 0 0 0 1 
1 1 1 1 0 0 0 0 1 
1 0 0 1 0 0 1 1 1 
1 1 1 1 1 0 0 0 1 
1 0 0 0 1 0 0 0 1 
1 1 1 0 1 1 0 1 1 
1 0 0 0 0 1 0 0 1 
0 1 1 1 1 1 0 0 2 
1 0 0 0 0 1 1 1 3 

>> Encontrei!
>> Profundidade da meta: 17
>> Total de nos: 31
>> Tempo de execucao: 0.00000 segundos.

=============================================

Teste 3: 
>> Estado: 1
2 0 0 0 0 0 0 0 1 
1 1 1 1 0 0 0 0 1 
1 0 0 1 0 1 1 1 1 
1 1 1 1 1 1 0 0 1 
1 0 0 0 1 0 0 0 1 
1 1 1 0 1 1 0 1 1 
1 0 0 0 0 1 0 0 1 
1 1 1 1 1 1 0 0 3 
1 0 0 0 0 1 1 1 1 

>> Estado: 2
1 0 0 0 0 0 0 0 1 
2 1 1 1 0 0 0 0 1 
1 0 0 1 0 1 1 1 1 
1 1 1 1 1 1 0 0 1 
1 0 0 0 1 0 0 0 1 
1 1 1 0 1 1 0 1 1 
1 0 0 0 0 1 0 0 1 
1 1 1 1 1 1 0 0 3 
1 0 0 0 0 1 1 1 1 

>> Estado: 3
1 0 0 0 0 0 0 0 1 
1 1 1 1 0 0 0 0 1 
2 0 0 1 0 1 1 1 1 
1 1 1 1 1 1 0 0 1 
1 0 0 0 1 0 0 0 1 
1 1 1 0 1 1 0 1 1 
1 0 0 0 0 1 0 0 1 
1 1 1 1 1 1 0 0 3 
1 0 0 0 0 1 1 1 1 

>> Estado: 4
1 0 0 0 0 0 0 0 1 
1 2 1 1 0 0 0 0 1 
1 0 0 1 0 1 1 1 1 
1 1 1 1 1 1 0 0 1 
1 0 0 0 1 0 0 0 1 
1 1 1 0 1 1 0 1 1 
1 0 0 0 0 1 0 0 1 
1 1 1 1 1 1 0 0 3 
1 0 0 0 0 1 1 1 1 

>> Estado: 5
1 0 0 0 0 0 0 0 1 
1 1 1 1 0 0 0 0 1 
1 0 0 1 0 1 1 1 1 
2 1 1 1 1 1 0 0 1 
1 0 0 0 1 0 0 0 1 
1 1 1 0 1 1 0 1 1 
1 0 0 0 0 1 0 0 1 
1 1 1 1 1 1 0 0 3 
1 0 0 0 0 1 1 1 1 

>> Estado: 6
1 0 0 0 0 0 0 0 1 
1 1 2 1 0 0 0 0 1 
1 0 0 1 0 1 1 1 1 
1 1 1 1 1 1 0 0 1 
1 0 0 0 1 0 0 0 1 
1 1 1 0 1 1 0 1 1 
1 0 0 0 0 1 0 0 1 
1 1 1 1 1 1 0 0 3 
1 0 0 0 0 1 1 1 1 

>> Estado: 7
1 0 0 0 0 0 0 0 1 
1 1 1 1 0 0 0 0 1 
1 0 0 1 0 1 1 1 1 
1 1 1 1 1 1 0 0 1 
2 0 0 0 1 0 0 0 1 
1 1 1 0 1 1 0 1 1 
1 0 0 0 0 1 0 0 1 
1 1 1 1 1 1 0 0 3 
1 0 0 0 0 1 1 1 1 

>> Estado: 8
1 0 0 0 0 0 0 0 1 
1 1 1 1 0 0 0 0 1 
1 0 0 1 0 1 1 1 1 
1 2 1 1 1 1 0 0 1 
1 0 0 0 1 0 0 0 1 
1 1 1 0 1 1 0 1 1 
1 0 0 0 0 1 0 0 1 
1 1 1 1 1 1 0 0 3 
1 0 0 0 0 1 1 1 1 

>> Estado: 9
1 0 0 0 0 0 0 0 1 
1 1 1 2 0 0 0 0 1 
1 0 0 1 0 1 1 1 1 
1 1 1 1 1 1 0 0 1 
1 0 0 0 1 0 0 0 1 
1 1 1 0 1 1 0 1 1 
1 0 0 0 0 1 0 0 1 
1 1 1 1 1 1 0 0 3 
1 0 0 0 0 1 1 1 1 

>> Estado: 10
1 0 0 0 0 0 0 0 1 
1 1 1 1 0 0 0 0 1 
1 0 0 1 0 1 1 1 1 
1 1 1 1 1 1 0 0 1 
1 0 0 0 1 0 0 0 1 
2 1 1 0 1 1 0 1 1 
1 0 0 0 0 1 0 0 1 
1 1 1 1 1 1 0 0 3 
1 0 0 0 0 1 1 1 1 

>> Estado: 11
1 0 0 0 0 0 0 0 1 
1 1 1 1 0 0 0 0 1 
1 0 0 1 0 1 1 1 1 
1 1 2 1 1 1 0 0 1 
1 0 0 0 1 0 0 0 1 
1 1 1 0 1 1 0 1 1 
1 0 0 0 0 1 0 0 1 
1 1 1 1 1 1 0 0 3 
1 0 0 0 0 1 1 1 1 

>> Estado: 12
1 0 0 0 0 0 0 0 1 
1 1 1 1 0 0 0 0 1 
1 0 0 2 0 1 1 1 1 
1 1 1 1 1 1 0 0 1 
1 0 0 0 1 0 0 0 1 
1 1 1 0 1 1 0 1 1 
1 0 0 0 0 1 0 0 1 
1 1 1 1 1 1 0 0 3 
1 0 0 0 0 1 1 1 1 

>> Estado: 13
1 0 0 0 0 0 0 0 1 
1 1 1 1 0 0 0 0 1 
1 0 0 1 0 1 1 1 1 
1 1 1 1 1 1 0 0 1 
1 0 0 0 1 0 0 0 1 
1 1 1 0 1 1 0 1 1 
2 0 0 0 0 1 0 0 1 
1 1 1 1 1 1 0 0 3 
1 0 0 0 0 1 1 1 1 

>> Estado: 14
1 0 0 0 0 0 0 0 1 
1 1 1 1 0 0 0 0 1 
1 0 0 1 0 1 1 1 1 
1 1 1 1 1 1 0 0 1 
1 0 0 0 1 0 0 0 1 
1 2 1 0 1 1 0 1 1 
1 0 0 0 0 1 0 0 1 
1 1 1 1 1 1 0 0 3 
1 0 0 0 0 1 1 1 1 

>> Estado: 15
1 0 0 0 0 0 0 0 1 
1 1 1 1 0 0 0 0 1 
1 0 0 1 0 1 1 1 1 
1 1 1 2 1 1 0 0 1 
1 0 0 0 1 0 0 0 1 
1 1 1 0 1 1 0 1 1 
1 0 0 0 0 1 0 0 1 
1 1 1 1 1 1 0 0 3 
1 0 0 0 0 1 1 1 1 

>> Estado: 16
1 0 0 0 0 0 0 0 1 
1 1 1 1 0 0 0 0 1 
1 0 0 1 0 1 1 1 1 
1 1 1 1 1 1 0 0 1 
1 0 0 0 1 0 0 0 1 
1 1 1 0 1 1 0 1 1 
1 0 0 0 0 1 0 0 1 
2 1 1 1 1 1 0 0 3 
1 0 0 0 0 1 1 1 1 

>> Estado: 17
1 0 0 0 0 0 0 0 1 
1 1 1 1 0 0 0 0 1 
1 0 0 1 0 1 1 1 1 
1 1 1 1 1 1 0 0 1 
1 0 0 0 1 0 0 0 1 
1 1 2 0 1 1 0 1 1 
1 0 0 0 0 1 0 0 1 
1 1 1 1 1 1 0 0 3 
1 0 0 0 0 1 1 1 1 

>> Estado: 18
1 0 0 0 0 0 0 0 1 
1 1 1 1 0 0 0 0 1 
1 0 0 1 0 1 1 1 1 
1 1 1 1 2 1 0 0 1 
1 0 0 0 1 0 0 0 1 
1 1 1 0 1 1 0 1 1 
1 0 0 0 0 1 0 0 1 
1 1 1 1 1 1 0 0 3 
1 0 0 0 0 1 1 1 1 

>> Estado: 19
1 0 0 0 0 0 0 0 1 
1 1 1 1 0 0 0 0 1 
1 0 0 1 0 1 1 1 1 
1 1 1 1 1 1 0 0 1 
1 0 0 0 1 0 0 0 1 
1 1 1 0 1 1 0 1 1 
1 0 0 0 0 1 0 0 1 
1 1 1 1 1 1 0 0 3 
2 0 0 0 0 1 1 1 1 

>> Estado: 20
1 0 0 0 0 0 0 0 1 
1 1 1 1 0 0 0 0 1 
1 0 0 1 0 1 1 1 1 
1 1 1 1 1 1 0 0 1 
1 0 0 0 1 0 0 0 1 
1 1 1 0 1 1 0 1 1 
1 0 0 0 0 1 0 0 1 
1 2 1 1 1 1 0 0 3 
1 0 0 0 0 1 1 1 1 

>> Estado: 21
1 0 0 0 0 0 0 0 1 
1 1 1 1 0 0 0 0 1 
1 0 0 1 0 1 1 1 1 
1 1 1 1 1 1 0 0 1 
1 0 0 0 2 0 0 0 1 
1 1 1 0 1 1 0 1 1 
1 0 0 0 0 1 0 0 1 
1 1 1 1 1 1 0 0 3 
1 0 0 0 0 1 1 1 1 

>> Estado: 22
1 0 0 0 0 0 0 0 1 
1 1 1 1 0 0 0 0 1 
1 0 0 1 0 1 1 1 1 
1 1 1 1 1 2 0 0 1 
1 0 0 0 1 0 0 0 1 
1 1 1 0 1 1 0 1 1 
1 0 0 0 0 1 0 0 1 
1 1 1 1 1 1 0 0 3 
1 0 0 0 0 1 1 1 1 

>> Estado: 23
1 0 0 0 0 0 0 0 1 
1 1 1 1 0 0 0 0 1 
1 0 0 1 0 1 1 1 1 
1 1 1 1 1 1 0 0 1 
1 0 0 0 1 0 0 0 1 
1 1 1 0 1 1 0 1 1 
1 0 0 0 0 1 0 0 1 
1 1 2 1 1 1 0 0 3 
1 0 0 0 0 1 1 1 1 

>> Estado: 24
1 0 0 0 0 0 0 0 1 
1 1 1 1 0 0 0 0 1 
1 0 0 1 0 1 1 1 1 
1 1 1 1 1 1 0 0 1 
1 0 0 0 1 0 0 0 1 
1 1 1 0 2 1 0 1 1 
1 0 0 0 0 1 0 0 1 
1 1 1 1 1 1 0 0 3 
1 0 0 0 0 1 1 1 1 

>> Estado: 25
1 0 0 0 0 0 0 0 1 
1 1 1 1 0 0 0 0 1 
1 0 0 1 0 2 1 1 1 
1 1 1 1 1 1 0 0 1 
1 0 0 0 1 0 0 0 1 
1 1 1 0 1 1 0 1 1 
1 0 0 0 0 1 0 0 1 
1 1 1 1 1 1 0 0 3 
1 0 0 0 0 1 1 1 1 

>> Estado: 26
1 0 0 0 0 0 0 0 1 
1 1 1 1 0 0 0 0 1 
1 0 0 1 0 1 1 1 1 
1 1 1 1 1 1 0 0 1 
1 0 0 0 1 0 0 0 1 
1 1 1 0 1 1 0 1 1 
1 0 0 0 0 1 0 0 1 
1 1 1 2 1 1 0 0 3 
1 0 0 0 0 1 1 1 1 

>> Estado: 27
1 0 0 0 0 0 0 0 1 
1 1 1 1 0 0 0 0 1 
1 0 0 1 0 1 1 1 1 
1 1 1 1 1 1 0 0 1 
1 0 0 0 1 0 0 0 1 
1 1 1 0 1 2 0 1 1 
1 0 0 0 0 1 0 0 1 
1 1 1 1 1 1 0 0 3 
1 0 0 0 0 1 1 1 1 

>> Estado: 28
1 0 0 0 0 0 0 0 1 
1 1 1 1 0 0 0 0 1 
1 0 0 1 0 1 2 1 1 
1 1 1 1 1 1 0 0 1 
1 0 0 0 1 0 0 0 1 
1 1 1 0 1 1 0 1 1 
1 0 0 0 0 1 0 0 1 
1 1 1 1 1 1 0 0 3 
1 0 0 0 0 1 1 1 1 

>> Estado: 29
1 0 0 0 0 0 0 0 1 
1 1 1 1 0 0 0 0 1 
1 0 0 1 0 1 1 1 1 
1 1 1 1 1 1 0 0 1 
1 0 0 0 1 0 0 0 1 
1 1 1 0 1 1 0 1 1 
1 0 0 0 0 1 0 0 1 
1 1 1 1 2 1 0 0 3 
1 0 0 0 0 1 1 1 1 

>> Estado: 30
1 0 0 0 0 0 0 0 1 
1 1 1 1 0 0 0 0 1 
1 0 0 1 0 1 1 1 1 
1 1 1 1 1 1 0 0 1 
1 0 0 0 1 0 0 0 1 
1 1 1 0 1 1 0 1 1 
1 0 0 0 0 2 0 0 1 
1 1 1 1 1 1 0 0 3 
1 0 0 0 0 1 1 1 1 

>> Estado: 31
1 0 0 0 0 0 0 0 1 
1 1 1 1 0 0 0 0 1 
1 0 0 1 0 1 1 2 1 
1 1 1 1 1 1 0 0 1 
1 0 0 0 1 0 0 0 1 
1 1 1 0 1 1 0 1 1 
1 0 0 0 0 1 0 0 1 
1 1 1 1 1 1 0 0 3 
1 0 0 0 0 1 1 1 1 

>> Estado: 32
1 0 0 0 0 0 0 0 1 
1 1 1 1 0 0 0 0 1 
1 0 0 1 0 1 1 1 1 
1 1 1 1 1 1 0 0 1 
1 0 0 0 1 0 0 0 1 
1 1 1 0 1 1 0 1 1 
1 0 0 0 0 1 0 0 1 
1 1 1 1 1 2 0 0 3 
1 0 0 0 0 1 1 1 1 

>> Estado: 33
1 0 0 0 0 0 0 0 1 
1 1 1 1 0 0 0 0 1 
1 0 0 1 0 1 1 1 2 
1 1 1 1 1 1 0 0 1 
1 0 0 0 1 0 0 0 1 
1 1 1 0 1 1 0 1 1 
1 0 0 0 0 1 0 0 1 
1 1 1 1 1 1 0 0 3 
1 0 0 0 0 1 1 1 1 

>> Estado: 34
1 0 0 0 0 0 0 0 1 
1 1 1 1 0 0 0 0 1 
1 0 0 1 0 1 1 1 1 
1 1 1 1 1 1 0 0 1 
1 0 0 0 1 0 0 0 1 
1 1 1 0 1 1 0 1 1 
1 0 0 0 0 1 0 0 1 
1 1 1 1 1 1 0 0 3 
1 0 0 0 0 2 1 1 1 

>> Estado: 35
1 0 0 0 0 0 0 0 1 
1 1 1 1 0 0 0 0 2 
1 0 0 1 0 1 1 1 1 
1 1 1 1 1 1 0 0 1 
1 0 0 0 1 0 0 0 1 
1 1 1 0 1 1 0 1 1 
1 0 0 0 0 1 0 0 1 
1 1 1 1 1 1 0 0 3 
1 0 0 0 0 1 1 1 1 

>> Estado: 36
1 0 0 0 0 0 0 0 1 
1 1 1 1 0 0 0 0 1 
1 0 0 1 0 1 1 1 1 
1 1 1 1 1 1 0 0 2 
1 0 0 0 1 0 0 0 1 
1 1 1 0 1 1 0 1 1 
1 0 0 0 0 1 0 0 1 
1 1 1 1 1 1 0 0 3 
1 0 0 0 0 1 1 1 1 

>> Estado: 37
1 0 0 0 0 0 0 0 1 
1 1 1 1 0 0 0 0 1 
1 0 0 1 0 1 1 1 1 
1 1 1 1 1 1 0 0 1 
1 0 0 0 1 0 0 0 1 
1 1 1 0 1 1 0 1 1 
1 0 0 0 0 1 0 0 1 
1 1 1 1 1 1 0 0 3 
1 0 0 0 0 1 2 1 1 

>> Estado: 38
1 0 0 0 0 0 0 0 2 
1 1 1 1 0 0 0 0 1 
1 0 0 1 0 1 1 1 1 
1 1 1 1 1 1 0 0 1 
1 0 0 0 1 0 0 0 1 
1 1 1 0 1 1 0 1 1 
1 0 0 0 0 1 0 0 1 
1 1 1 1 1 1 0 0 3 
1 0 0 0 0 1 1 1 1 

>> Estado: 39
1 0 0 0 0 0 0 0 1 
1 1 1 1 0 0 0 0 1 
1 0 0 1 0 1 1 1 1 
1 1 1 1 1 1 0 0 1 
1 0 0 0 1 0 0 0 2 
1 1 1 0 1 1 0 1 1 
1 0 0 0 0 1 0 0 1 
1 1 1 1 1 1 0 0 3 
1 0 0 0 0 1 1 1 1 

>> Estado: 40
1 0 0 0 0 0 0 0 1 
1 1 1 1 0 0 0 0 1 
1 0 0 1 0 1 1 1 1 
1 1 1 1 1 1 0 0 1 
1 0 0 0 1 0 0 0 1 
1 1 1 0 1 1 0 1 1 
1 0 0 0 0 1 0 0 1 
1 1 1 1 1 1 0 0 3 
1 0 0 0 0 1 1 2 1 

>> Estado: 41
1 0 0 0 0 0 0 0 1 
1 1 1 1 0 0 0 0 1 
1 0 0 1 0 1 1 1 1 
1 1 1 1 1 1 0 0 1 
1 0 0 0 1 0 0 0 1 
1 1 1 0 1 1 0 1 2 
1 0 0 0 0 1 0 0 1 
1 1 1 1 1 1 0 0 3 
1 0 0 0 0 1 1 1 1 

>> Estado: 42
1 0 0 0 0 0 0 0 1 
1 1 1 1 0 0 0 0 1 
1 0 0 1 0 1 1 1 1 
1 1 1 1 1 1 0 0 1 
1 0 0 0 1 0 0 0 1 
1 1 1 0 1 1 0 1 1 
1 0 0 0 0 1 0 0 1 
1 1 1 1 1 1 0 0 3 
1 0 0 0 0 1 1 1 2 

>> Estado: 43
1 0 0 0 0 0 0 0 1 
1 1 1 1 0 0 0 0 1 
1 0 0 1 0 1 1 1 1 
1 1 1 1 1 1 0 0 1 
1 0 0 0 1 0 0 0 1 
1 1 1 0 1 1 0 1 1 
1 0 0 0 0 1 0 0 2 
1 1 1 1 1 1 0 0 3 
1 0 0 0 0 1 1 1 1 

>> Estado: 44
1 0 0 0 0 0 0 0 1 
1 1 1 1 0 0 0 0 1 
1 0 0 1 0 1 1 1 1 
1 1 1 1 1 1 0 0 1 
1 0 0 0 1 0 0 0 1 
1 1 1 0 1 1 0 2 1 
1 0 0 0 0 1 0 0 1 
1 1 1 1 1 1 0 0 3 
1 0 0 0 0 1 1 1 1 

>> Estado: 45
1 0 0 0 0 0 0 0 1 
1 1 1 1 0 0 0 0 1 
1 0 0 1 0 1 1 1 1 
1 1 1 1 1 1 0 0 1 
1 0 0 0 1 0 0 0 1 
1 1 1 0 1 1 0 1 1 
1 0 0 0 0 1 0 0 1 
1 1 1 1 1 1 0 0 2 
1 0 0 0 0 1 1 1 3 

>> Encontrei!
>> Profundidade da meta: 17
>> Total de nos: 45
>> Tempo de execucao: 0.01562 segundos.

=============================================

Teste 4: 
>> Estado: 1
2 0 0 0 0 1 1 0 1 
1 1 1 1 0 1 0 0 1 
1 0 0 1 0 1 1 1 1 
1 1 1 1 1 1 0 0 1 
1 0 0 0 1 1 1 0 1 
1 1 1 0 1 0 0 1 1 
1 0 0 0 0 1 0 0 1 
0 1 1 1 1 1 0 1 3 
1 0 0 0 0 1 1 1 1 

>> Estado: 2
1 0 0 0 0 1 1 0 1 
2 1 1 1 0 1 0 0 1 
1 0 0 1 0 1 1 1 1 
1 1 1 1 1 1 0 0 1 
1 0 0 0 1 1 1 0 1 
1 1 1 0 1 0 0 1 1 
1 0 0 0 0 1 0 0 1 
0 1 1 1 1 1 0 1 3 
1 0 0 0 0 1 1 1 1 

>> Estado: 3
1 0 0 0 0 1 1 0 1 
1 1 1 1 0 1 0 0 1 
2 0 0 1 0 1 1 1 1 
1 1 1 1 1 1 0 0 1 
1 0 0 0 1 1 1 0 1 
1 1 1 0 1 0 0 1 1 
1 0 0 0 0 1 0 0 1 
0 1 1 1 1 1 0 1 3 
1 0 0 0 0 1 1 1 1 

>> Estado: 4
1 0 0 0 0 1 1 0 1 
1 2 1 1 0 1 0 0 1 
1 0 0 1 0 1 1 1 1 
1 1 1 1 1 1 0 0 1 
1 0 0 0 1 1 1 0 1 
1 1 1 0 1 0 0 1 1 
1 0 0 0 0 1 0 0 1 
0 1 1 1 1 1 0 1 3 
1 0 0 0 0 1 1 1 1 

>> Estado: 5
1 0 0 0 0 1 1 0 1 
1 1 1 1 0 1 0 0 1 
1 0 0 1 0 1 1 1 1 
2 1 1 1 1 1 0 0 1 
1 0 0 0 1 1 1 0 1 
1 1 1 0 1 0 0 1 1 
1 0 0 0 0 1 0 0 1 
0 1 1 1 1 1 0 1 3 
1 0 0 0 0 1 1 1 1 

>> Estado: 6
1 0 0 0 0 1 1 0 1 
1 1 2 1 0 1 0 0 1 
1 0 0 1 0 1 1 1 1 
1 1 1 1 1 1 0 0 1 
1 0 0 0 1 1 1 0 1 
1 1 1 0 1 0 0 1 1 
1 0 0 0 0 1 0 0 1 
0 1 1 1 1 1 0 1 3 
1 0 0 0 0 1 1 1 1 

>> Estado: 7
1 0 0 0 0 1 1 0 1 
1 1 1 1 0 1 0 0 1 
1 0 0 1 0 1 1 1 1 
1 1 1 1 1 1 0 0 1 
2 0 0 0 1 1 1 0 1 
1 1 1 0 1 0 0 1 1 
1 0 0 0 0 1 0 0 1 
0 1 1 1 1 1 0 1 3 
1 0 0 0 0 1 1 1 1 

>> Estado: 8
1 0 0 0 0 1 1 0 1 
1 1 1 1 0 1 0 0 1 
1 0 0 1 0 1 1 1 1 
1 2 1 1 1 1 0 0 1 
1 0 0 0 1 1 1 0 1 
1 1 1 0 1 0 0 1 1 
1 0 0 0 0 1 0 0 1 
0 1 1 1 1 1 0 1 3 
1 0 0 0 0 1 1 1 1 

>> Estado: 9
1 0 0 0 0 1 1 0 1 
1 1 1 2 0 1 0 0 1 
1 0 0 1 0 1 1 1 1 
1 1 1 1 1 1 0 0 1 
1 0 0 0 1 1 1 0 1 
1 1 1 0 1 0 0 1 1 
1 0 0 0 0 1 0 0 1 
0 1 1 1 1 1 0 1 3 
1 0 0 0 0 1 1 1 1 

>> Estado: 10
1 0 0 0 0 1 1 0 1 
1 1 1 1 0 1 0 0 1 
1 0 0 1 0 1 1 1 1 
1 1 1 1 1 1 0 0 1 
1 0 0 0 1 1 1 0 1 
2 1 1 0 1 0 0 1 1 
1 0 0 0 0 1 0 0 1 
0 1 1 1 1 1 0 1 3 
1 0 0 0 0 1 1 1 1 

>> Estado: 11
1 0 0 0 0 1 1 0 1 
1 1 1 1 0 1 0 0 1 
1 0 0 1 0 1 1 1 1 
1 1 2 1 1 1 0 0 1 
1 0 0 0 1 1 1 0 1 
1 1 1 0 1 0 0 1 1 
1 0 0 0 0 1 0 0 1 
0 1 1 1 1 1 0 1 3 
1 0 0 0 0 1 1 1 1 

>> Estado: 12
1 0 0 0 0 1 1 0 1 
1 1 1 1 0 1 0 0 1 
1 0 0 2 0 1 1 1 1 
1 1 1 1 1 1 0 0 1 
1 0 0 0 1 1 1 0 1 
1 1 1 0 1 0 0 1 1 
1 0 0 0 0 1 0 0 1 
0 1 1 1 1 1 0 1 3 
1 0 0 0 0 1 1 1 1 

>> Estado: 13
1 0 0 0 0 1 1 0 1 
1 1 1 1 0 1 0 0 1 
1 0 0 1 0 1 1 1 1 
1 1 1 1 1 1 0 0 1 
1 0 0 0 1 1 1 0 1 
1 1 1 0 1 0 0 1 1 
2 0 0 0 0 1 0 0 1 
0 1 1 1 1 1 0 1 3 
1 0 0 0 0 1 1 1 1 

>> Estado: 14
1 0 0 0 0 1 1 0 1 
1 1 1 1 0 1 0 0 1 
1 0 0 1 0 1 1 1 1 
1 1 1 1 1 1 0 0 1 
1 0 0 0 1 1 1 0 1 
1 2 1 0 1 0 0 1 1 
1 0 0 0 0 1 0 0 1 
0 1 1 1 1 1 0 1 3 
1 0 0 0 0 1 1 1 1 

>> Estado: 15
1 0 0 0 0 1 1 0 1 
1 1 1 1 0 1 0 0 1 
1 0 0 1 0 1 1 1 1 
1 1 1 2 1 1 0 0 1 
1 0 0 0 1 1 1 0 1 
1 1 1 0 1 0 0 1 1 
1 0 0 0 0 1 0 0 1 
0 1 1 1 1 1 0 1 3 
1 0 0 0 0 1 1 1 1 

>> Estado: 16
1 0 0 0 0 1 1 0 1 
1 1 1 1 0 1 0 0 1 
1 0 0 1 0 1 1 1 1 
1 1 1 1 1 1 0 0 1 
1 0 0 0 1 1 1 0 1 
1 1 2 0 1 0 0 1 1 
1 0 0 0 0 1 0 0 1 
0 1 1 1 1 1 0 1 3 
1 0 0 0 0 1 1 1 1 

>> Estado: 17
1 0 0 0 0 1 1 0 1 
1 1 1 1 0 1 0 0 1 
1 0 0 1 0 1 1 1 1 
1 1 1 1 2 1 0 0 1 
1 0 0 0 1 1 1 0 1 
1 1 1 0 1 0 0 1 1 
1 0 0 0 0 1 0 0 1 
0 1 1 1 1 1 0 1 3 
1 0 0 0 0 1 1 1 1 

>> Estado: 18
1 0 0 0 0 1 1 0 1 
1 1 1 1 0 1 0 0 1 
1 0 0 1 0 1 1 1 1 
1 1 1 1 1 1 0 0 1 
1 0 0 0 2 1 1 0 1 
1 1 1 0 1 0 0 1 1 
1 0 0 0 0 1 0 0 1 
0 1 1 1 1 1 0 1 3 
1 0 0 0 0 1 1 1 1 

>> Estado: 19
1 0 0 0 0 1 1 0 1 
1 1 1 1 0 1 0 0 1 
1 0 0 1 0 1 1 1 1 
1 1 1 1 1 2 0 0 1 
1 0 0 0 1 1 1 0 1 
1 1 1 0 1 0 0 1 1 
1 0 0 0 0 1 0 0 1 
0 1 1 1 1 1 0 1 3 
1 0 0 0 0 1 1 1 1 

>> Estado: 20
1 0 0 0 0 1 1 0 1 
1 1 1 1 0 1 0 0 1 
1 0 0 1 0 1 1 1 1 
1 1 1 1 1 1 0 0 1 
1 0 0 0 1 1 1 0 1 
1 1 1 0 2 0 0 1 1 
1 0 0 0 0 1 0 0 1 
0 1 1 1 1 1 0 1 3 
1 0 0 0 0 1 1 1 1 

>> Estado: 21
1 0 0 0 0 1 1 0 1 
1 1 1 1 0 1 0 0 1 
1 0 0 1 0 1 1 1 1 
1 1 1 1 1 1 0 0 1 
1 0 0 0 1 2 1 0 1 
1 1 1 0 1 0 0 1 1 
1 0 0 0 0 1 0 0 1 
0 1 1 1 1 1 0 1 3 
1 0 0 0 0 1 1 1 1 

>> Estado: 22
1 0 0 0 0 1 1 0 1 
1 1 1 1 0 1 0 0 1 
1 0 0 1 0 2 1 1 1 
1 1 1 1 1 1 0 0 1 
1 0 0 0 1 1 1 0 1 
1 1 1 0 1 0 0 1 1 
1 0 0 0 0 1 0 0 1 
0 1 1 1 1 1 0 1 3 
1 0 0 0 0 1 1 1 1 

>> Estado: 23
1 0 0 0 0 1 1 0 1 
1 1 1 1 0 1 0 0 1 
1 0 0 1 0 1 1 1 1 
1 1 1 1 1 1 0 0 1 
1 0 0 0 1 1 2 0 1 
1 1 1 0 1 0 0 1 1 
1 0 0 0 0 1 0 0 1 
0 1 1 1 1 1 0 1 3 
1 0 0 0 0 1 1 1 1 

>> Estado: 24
1 0 0 0 0 1 1 0 1 
1 1 1 1 0 2 0 0 1 
1 0 0 1 0 1 1 1 1 
1 1 1 1 1 1 0 0 1 
1 0 0 0 1 1 1 0 1 
1 1 1 0 1 0 0 1 1 
1 0 0 0 0 1 0 0 1 
0 1 1 1 1 1 0 1 3 
1 0 0 0 0 1 1 1 1 

>> Estado: 25
1 0 0 0 0 1 1 0 1 
1 1 1 1 0 1 0 0 1 
1 0 0 1 0 1 2 1 1 
1 1 1 1 1 1 0 0 1 
1 0 0 0 1 1 1 0 1 
1 1 1 0 1 0 0 1 1 
1 0 0 0 0 1 0 0 1 
0 1 1 1 1 1 0 1 3 
1 0 0 0 0 1 1 1 1 

>> Estado: 26
1 0 0 0 0 2 1 0 1 
1 1 1 1 0 1 0 0 1 
1 0 0 1 0 1 1 1 1 
1 1 1 1 1 1 0 0 1 
1 0 0 0 1 1 1 0 1 
1 1 1 0 1 0 0 1 1 
1 0 0 0 0 1 0 0 1 
0 1 1 1 1 1 0 1 3 
1 0 0 0 0 1 1 1 1 

>> Estado: 27
1 0 0 0 0 1 1 0 1 
1 1 1 1 0 1 0 0 1 
1 0 0 1 0 1 1 2 1 
1 1 1 1 1 1 0 0 1 
1 0 0 0 1 1 1 0 1 
1 1 1 0 1 0 0 1 1 
1 0 0 0 0 1 0 0 1 
0 1 1 1 1 1 0 1 3 
1 0 0 0 0 1 1 1 1 

>> Estado: 28
1 0 0 0 0 1 2 0 1 
1 1 1 1 0 1 0 0 1 
1 0 0 1 0 1 1 1 1 
1 1 1 1 1 1 0 0 1 
1 0 0 0 1 1 1 0 1 
1 1 1 0 1 0 0 1 1 
1 0 0 0 0 1 0 0 1 
0 1 1 1 1 1 0 1 3 
1 0 0 0 0 1 1 1 1 

>> Estado: 29
1 0 0 0 0 1 1 0 1 
1 1 1 1 0 1 0 0 1 
1 0 0 1 0 1 1 1 2 
1 1 1 1 1 1 0 0 1 
1 0 0 0 1 1 1 0 1 
1 1 1 0 1 0 0 1 1 
1 0 0 0 0 1 0 0 1 
0 1 1 1 1 1 0 1 3 
1 0 0 0 0 1 1 1 1 

>> Estado: 30
1 0 0 0 0 1 1 0 1 
1 1 1 1 0 1 0 0 2 
1 0 0 1 0 1 1 1 1 
1 1 1 1 1 1 0 0 1 
1 0 0 0 1 1 1 0 1 
1 1 1 0 1 0 0 1 1 
1 0 0 0 0 1 0 0 1 
0 1 1 1 1 1 0 1 3 
1 0 0 0 0 1 1 1 1 

>> Estado: 31
1 0 0 0 0 1 1 0 1 
1 1 1 1 0 1 0 0 1 
1 0 0 1 0 1 1 1 1 
1 1 1 1 1 1 0 0 2 
1 0 0 0 1 1 1 0 1 
1 1 1 0 1 0 0 1 1 
1 0 0 0 0 1 0 0 1 
0 1 1 1 1 1 0 1 3 
1 0 0 0 0 1 1 1 1 

>> Estado: 32
1 0 0 0 0 1 1 0 2 
1 1 1 1 0 1 0 0 1 
1 0 0 1 0 1 1 1 1 
1 1 1 1 1 1 0 0 1 
1 0 0 0 1 1 1 0 1 
1 1 1 0 1 0 0 1 1 
1 0 0 0 0 1 0 0 1 
0 1 1 1 1 1 0 1 3 
1 0 0 0 0 1 1 1 1 

>> Estado: 33
1 0 0 0 0 1 1 0 1 
1 1 1 1 0 1 0 0 1 
1 0 0 1 0 1 1 1 1 
1 1 1 1 1 1 0 0 1 
1 0 0 0 1 1 1 0 2 
1 1 1 0 1 0 0 1 1 
1 0 0 0 0 1 0 0 1 
0 1 1 1 1 1 0 1 3 
1 0 0 0 0 1 1 1 1 

>> Estado: 34
1 0 0 0 0 1 1 0 1 
1 1 1 1 0 1 0 0 1 
1 0 0 1 0 1 1 1 1 
1 1 1 1 1 1 0 0 1 
1 0 0 0 1 1 1 0 1 
1 1 1 0 1 0 0 1 2 
1 0 0 0 0 1 0 0 1 
0 1 1 1 1 1 0 1 3 
1 0 0 0 0 1 1 1 1 

>> Estado: 35
1 0 0 0 0 1 1 0 1 
1 1 1 1 0 1 0 0 1 
1 0 0 1 0 1 1 1 1 
1 1 1 1 1 1 0 0 1 
1 0 0 0 1 1 1 0 1 
1 1 1 0 1 0 0 1 1 
1 0 0 0 0 1 0 0 2 
0 1 1 1 1 1 0 1 3 
1 0 0 0 0 1 1 1 1 

>> Estado: 36
1 0 0 0 0 1 1 0 1 
1 1 1 1 0 1 0 0 1 
1 0 0 1 0 1 1 1 1 
1 1 1 1 1 1 0 0 1 
1 0 0 0 1 1 1 0 1 
1 1 1 0 1 0 0 2 1 
1 0 0 0 0 1 0 0 1 
0 1 1 1 1 1 0 1 3 
1 0 0 0 0 1 1 1 1 

>> Estado: 37
1 0 0 0 0 1 1 0 1 
1 1 1 1 0 1 0 0 1 
1 0 0 1 0 1 1 1 1 
1 1 1 1 1 1 0 0 1 
1 0 0 0 1 1 1 0 1 
1 1 1 0 1 0 0 1 1 
1 0 0 0 0 1 0 0 3 
0 1 1 1 1 1 0 1 2 
1 0 0 0 0 1 1 1 1 

>> Encontrei!
>> Profundidade da meta: 17
>> Total de nos: 37
>> Tempo de execucao: 0.01562 segundos.
