>> Solucao encontrada!

Estado: 0
2 0 0 0 0 0 0 0 1
1 1 1 1 0 0 0 0 1
1 0 0 1 0 1 1 1 1
1 1 1 1 1 1 0 0 1
1 0 0 0 1 0 0 0 1
1 1 1 0 1 1 0 1 1
1 0 0 0 0 1 0 0 1
1 1 1 1 1 1 0 0 3
1 0 0 0 0 1 1 1 1

Estado: 1
1 0 0 0 0 0 0 0 1
2 1 1 1 0 0 0 0 1
1 0 0 1 0 1 1 1 1
1 1 1 1 1 1 0 0 1
1 0 0 0 1 0 0 0 1
1 1 1 0 1 1 0 1 1
1 0 0 0 0 1 0 0 1
1 1 1 1 1 1 0 0 3
1 0 0 0 0 1 1 1 1

Estado: 2
1 0 0 0 0 0 0 0 1
1 1 1 1 0 0 0 0 1
2 0 0 1 0 1 1 1 1
1 1 1 1 1 1 0 0 1
1 0 0 0 1 0 0 0 1
1 1 1 0 1 1 0 1 1
1 0 0 0 0 1 0 0 1
1 1 1 1 1 1 0 0 3
1 0 0 0 0 1 1 1 1

Estado: 3
1 0 0 0 0 0 0 0 1
1 1 1 1 0 0 0 0 1
1 0 0 1 0 1 1 1 1
2 1 1 1 1 1 0 0 1
1 0 0 0 1 0 0 0 1
1 1 1 0 1 1 0 1 1
1 0 0 0 0 1 0 0 1
1 1 1 1 1 1 0 0 3
1 0 0 0 0 1 1 1 1

Estado: 4
1 0 0 0 0 0 0 0 1
1 1 1 1 0 0 0 0 1
1 0 0 1 0 1 1 1 1
1 1 1 1 1 1 0 0 1
2 0 0 0 1 0 0 0 1
1 1 1 0 1 1 0 1 1
1 0 0 0 0 1 0 0 1
1 1 1 1 1 1 0 0 3
1 0 0 0 0 1 1 1 1

Estado: 5
1 0 0 0 0 0 0 0 1
1 1 1 1 0 0 0 0 1
1 0 0 1 0 1 1 1 1
1 1 1 1 1 1 0 0 1
1 0 0 0 1 0 0 0 1
2 1 1 0 1 1 0 1 1
1 0 0 0 0 1 0 0 1
1 1 1 1 1 1 0 0 3
1 0 0 0 0 1 1 1 1

Estado: 6
1 0 0 0 0 0 0 0 1
1 1 1 1 0 0 0 0 1
1 0 0 1 0 1 1 1 1
1 1 1 1 1 1 0 0 1
1 0 0 0 1 0 0 0 1
1 1 1 0 1 1 0 1 1
2 0 0 0 0 1 0 0 1
1 1 1 1 1 1 0 0 3
1 0 0 0 0 1 1 1 1

Estado: 7
1 0 0 0 0 0 0 0 1
1 1 1 1 0 0 0 0 1
1 0 0 1 0 1 1 1 1
1 1 1 1 1 1 0 0 1
1 0 0 0 1 0 0 0 1
1 1 1 0 1 1 0 1 1
1 0 0 0 0 1 0 0 1
2 1 1 1 1 1 0 0 3
1 0 0 0 0 1 1 1 1

Estado: 9
1 0 0 0 0 0 0 0 1
1 1 1 1 0 0 0 0 1
1 0 0 1 0 1 1 1 1
1 1 1 1 1 1 0 0 1
1 0 0 0 1 0 0 0 1
1 1 1 0 1 1 0 1 1
1 0 0 0 0 1 0 0 1
1 2 1 1 1 1 0 0 3
1 0 0 0 0 1 1 1 1

Estado: 10
1 0 0 0 0 0 0 0 1
1 1 1 1 0 0 0 0 1
1 0 0 1 0 1 1 1 1
1 1 1 1 1 1 0 0 1
1 0 0 0 1 0 0 0 1
1 1 1 0 1 1 0 1 1
1 0 0 0 0 1 0 0 1
1 1 2 1 1 1 0 0 3
1 0 0 0 0 1 1 1 1

Estado: 11
1 0 0 0 0 0 0 0 1
1 1 1 1 0 0 0 0 1
1 0 0 1 0 1 1 1 1
1 1 1 1 1 1 0 0 1
1 0 0 0 1 0 0 0 1
1 1 1 0 1 1 0 1 1
1 0 0 0 0 1 0 0 1
1 1 1 2 1 1 0 0 3
1 0 0 0 0 1 1 1 1

Estado: 12
1 0 0 0 0 0 0 0 1
1 1 1 1 0 0 0 0 1
1 0 0 1 0 1 1 1 1
1 1 1 1 1 1 0 0 1
1 0 0 0 1 0 0 0 1
1 1 1 0 1 1 0 1 1
1 0 0 0 0 1 0 0 1
1 1 1 1 2 1 0 0 3
1 0 0 0 0 1 1 1 1

Estado: 13
1 0 0 0 0 0 0 0 1
1 1 1 1 0 0 0 0 1
1 0 0 1 0 1 1 1 1
1 1 1 1 1 1 0 0 1
1 0 0 0 1 0 0 0 1
1 1 1 0 1 1 0 1 1
1 0 0 0 0 1 0 0 1
1 1 1 1 1 2 0 0 3
1 0 0 0 0 1 1 1 1

Estado: 27
1 0 0 0 0 0 0 0 1
1 1 1 1 0 0 0 0 1
1 0 0 1 0 1 1 1 1
1 1 1 1 1 1 0 0 1
1 0 0 0 1 0 0 0 1
1 1 1 0 1 1 0 1 1
1 0 0 0 0 1 0 0 1
1 1 1 1 1 1 0 0 3
1 0 0 0 0 2 1 1 1

Estado: 28
1 0 0 0 0 0 0 0 1
1 1 1 1 0 0 0 0 1
1 0 0 1 0 1 1 1 1
1 1 1 1 1 1 0 0 1
1 0 0 0 1 0 0 0 1
1 1 1 0 1 1 0 1 1
1 0 0 0 0 1 0 0 1
1 1 1 1 1 1 0 0 3
1 0 0 0 0 1 2 1 1

Estado: 29
1 0 0 0 0 0 0 0 1
1 1 1 1 0 0 0 0 1
1 0 0 1 0 1 1 1 1
1 1 1 1 1 1 0 0 1
1 0 0 0 1 0 0 0 1
1 1 1 0 1 1 0 1 1
1 0 0 0 0 1 0 0 1
1 1 1 1 1 1 0 0 3
1 0 0 0 0 1 1 2 1

Estado: 30
1 0 0 0 0 0 0 0 1
1 1 1 1 0 0 0 0 1
1 0 0 1 0 1 1 1 1
1 1 1 1 1 1 0 0 1
1 0 0 0 1 0 0 0 1
1 1 1 0 1 1 0 1 1
1 0 0 0 0 1 0 0 1
1 1 1 1 1 1 0 0 3
1 0 0 0 0 1 1 1 2

Estado: 31
1 0 0 0 0 0 0 0 1
1 1 1 1 0 0 0 0 1
1 0 0 1 0 1 1 1 1
1 1 1 1 1 1 0 0 1
1 0 0 0 1 0 0 0 1
1 1 1 0 1 1 0 1 1
1 0 0 0 0 1 0 0 1
1 1 1 1 1 1 0 0 2
1 0 0 0 0 1 1 1 3

>> Numero de nos visitados: 36
>> Profundidade: 17
>> Custo da solucao: 18
