>> Solucao encontrada!

Estado: 0
2 0 0 0 0 0 0 0
1 1 1 1 1 0 0 0
0 0 0 0 1 1 1 1
1 1 0 0 1 0 0 1
0 1 1 1 1 1 1 1
1 1 0 0 0 0 0 1
0 0 0 1 1 1 1 1
0 0 0 0 0 0 0 3

Estado: 1
1 0 0 0 0 0 0 0
2 1 1 1 1 0 0 0
0 0 0 0 1 1 1 1
1 1 0 0 1 0 0 1
0 1 1 1 1 1 1 1
1 1 0 0 0 0 0 1
0 0 0 1 1 1 1 1
0 0 0 0 0 0 0 3

Estado: 2
1 0 0 0 0 0 0 0
1 2 1 1 1 0 0 0
0 0 0 0 1 1 1 1
1 1 0 0 1 0 0 1
0 1 1 1 1 1 1 1
1 1 0 0 0 0 0 1
0 0 0 1 1 1 1 1
0 0 0 0 0 0 0 3

Estado: 3
1 0 0 0 0 0 0 0
1 1 2 1 1 0 0 0
0 0 0 0 1 1 1 1
1 1 0 0 1 0 0 1
0 1 1 1 1 1 1 1
1 1 0 0 0 0 0 1
0 0 0 1 1 1 1 1
0 0 0 0 0 0 0 3

Estado: 4
1 0 0 0 0 0 0 0
1 1 1 2 1 0 0 0
0 0 0 0 1 1 1 1
1 1 0 0 1 0 0 1
0 1 1 1 1 1 1 1
1 1 0 0 0 0 0 1
0 0 0 1 1 1 1 1
0 0 0 0 0 0 0 3

Estado: 5
1 0 0 0 0 0 0 0
1 1 1 1 2 0 0 0
0 0 0 0 1 1 1 1
1 1 0 0 1 0 0 1
0 1 1 1 1 1 1 1
1 1 0 0 0 0 0 1
0 0 0 1 1 1 1 1
0 0 0 0 0 0 0 3

Estado: 6
1 0 0 0 0 0 0 0
1 1 1 1 1 0 0 0
0 0 0 0 2 1 1 1
1 1 0 0 1 0 0 1
0 1 1 1 1 1 1 1
1 1 0 0 0 0 0 1
0 0 0 1 1 1 1 1
0 0 0 0 0 0 0 3

Estado: 7
1 0 0 0 0 0 0 0
1 1 1 1 1 0 0 0
0 0 0 0 1 1 1 1
1 1 0 0 2 0 0 1
0 1 1 1 1 1 1 1
1 1 0 0 0 0 0 1
0 0 0 1 1 1 1 1
0 0 0 0 0 0 0 3

Estado: 9
1 0 0 0 0 0 0 0
1 1 1 1 1 0 0 0
0 0 0 0 1 1 1 1
1 1 0 0 1 0 0 1
0 1 1 1 2 1 1 1
1 1 0 0 0 0 0 1
0 0 0 1 1 1 1 1
0 0 0 0 0 0 0 3

Estado: 12
1 0 0 0 0 0 0 0
1 1 1 1 1 0 0 0
0 0 0 0 1 1 1 1
1 1 0 0 1 0 0 1
0 1 1 1 1 2 1 1
1 1 0 0 0 0 0 1
0 0 0 1 1 1 1 1
0 0 0 0 0 0 0 3

Estado: 15
1 0 0 0 0 0 0 0
1 1 1 1 1 0 0 0
0 0 0 0 1 1 1 1
1 1 0 0 1 0 0 1
0 1 1 1 1 1 2 1
1 1 0 0 0 0 0 1
0 0 0 1 1 1 1 1
0 0 0 0 0 0 0 3

Estado: 18
1 0 0 0 0 0 0 0
1 1 1 1 1 0 0 0
0 0 0 0 1 1 1 1
1 1 0 0 1 0 0 1
0 1 1 1 1 1 1 2
1 1 0 0 0 0 0 1
0 0 0 1 1 1 1 1
0 0 0 0 0 0 0 3

Estado: 21
1 0 0 0 0 0 0 0
1 1 1 1 1 0 0 0
0 0 0 0 1 1 1 1
1 1 0 0 1 0 0 1
0 1 1 1 1 1 1 1
1 1 0 0 0 0 0 2
0 0 0 1 1 1 1 1
0 0 0 0 0 0 0 3

Estado: 24
1 0 0 0 0 0 0 0
1 1 1 1 1 0 0 0
0 0 0 0 1 1 1 1
1 1 0 0 1 0 0 1
0 1 1 1 1 1 1 1
1 1 0 0 0 0 0 1
0 0 0 1 1 1 1 2
0 0 0 0 0 0 0 3

Estado: 25
1 0 0 0 0 0 0 0
1 1 1 1 1 0 0 0
0 0 0 0 1 1 1 1
1 1 0 0 1 0 0 1
0 1 1 1 1 1 1 1
1 1 0 0 0 0 0 1
0 0 0 1 1 1 1 3
0 0 0 0 0 0 0 2

>> Numero de nos visitados: 27
>> Profundidade: 14
>> Custo da solucao: 15
