>> Solucao encontrada!

Estado: 0
2 0 0 0 0 0 0 0 1
1 1 1 1 0 0 0 0 1
1 0 0 1 0 1 1 1 1
1 1 1 1 1 1 0 0 1
1 0 0 0 1 0 0 0 1
1 1 1 0 1 1 0 1 1
1 0 0 0 0 1 0 0 1
1 1 1 1 1 1 0 0 3
1 0 0 0 0 1 1 1 1

Estado: 1
1 0 0 0 0 0 0 0 1
2 1 1 1 0 0 0 0 1
1 0 0 1 0 1 1 1 1
1 1 1 1 1 1 0 0 1
1 0 0 0 1 0 0 0 1
1 1 1 0 1 1 0 1 1
1 0 0 0 0 1 0 0 1
1 1 1 1 1 1 0 0 3
1 0 0 0 0 1 1 1 1

Estado: 2
1 0 0 0 0 0 0 0 1
1 1 1 1 0 0 0 0 1
2 0 0 1 0 1 1 1 1
1 1 1 1 1 1 0 0 1
1 0 0 0 1 0 0 0 1
1 1 1 0 1 1 0 1 1
1 0 0 0 0 1 0 0 1
1 1 1 1 1 1 0 0 3
1 0 0 0 0 1 1 1 1

Estado: 4
1 0 0 0 0 0 0 0 1
1 1 1 1 0 0 0 0 1
1 0 0 1 0 1 1 1 1
2 1 1 1 1 1 0 0 1
1 0 0 0 1 0 0 0 1
1 1 1 0 1 1 0 1 1
1 0 0 0 0 1 0 0 1
1 1 1 1 1 1 0 0 3
1 0 0 0 0 1 1 1 1

Estado: 7
1 0 0 0 0 0 0 0 1
1 1 1 1 0 0 0 0 1
1 0 0 1 0 1 1 1 1
1 2 1 1 1 1 0 0 1
1 0 0 0 1 0 0 0 1
1 1 1 0 1 1 0 1 1
1 0 0 0 0 1 0 0 1
1 1 1 1 1 1 0 0 3
1 0 0 0 0 1 1 1 1

Estado: 10
1 0 0 0 0 0 0 0 1
1 1 1 1 0 0 0 0 1
1 0 0 1 0 1 1 1 1
1 1 2 1 1 1 0 0 1
1 0 0 0 1 0 0 0 1
1 1 1 0 1 1 0 1 1
1 0 0 0 0 1 0 0 1
1 1 1 1 1 1 0 0 3
1 0 0 0 0 1 1 1 1

Estado: 14
1 0 0 0 0 0 0 0 1
1 1 1 1 0 0 0 0 1
1 0 0 1 0 1 1 1 1
1 1 1 2 1 1 0 0 1
1 0 0 0 1 0 0 0 1
1 1 1 0 1 1 0 1 1
1 0 0 0 0 1 0 0 1
1 1 1 1 1 1 0 0 3
1 0 0 0 0 1 1 1 1

Estado: 17
1 0 0 0 0 0 0 0 1
1 1 1 1 0 0 0 0 1
1 0 0 1 0 1 1 1 1
1 1 1 1 2 1 0 0 1
1 0 0 0 1 0 0 0 1
1 1 1 0 1 1 0 1 1
1 0 0 0 0 1 0 0 1
1 1 1 1 1 1 0 0 3
1 0 0 0 0 1 1 1 1

Estado: 20
1 0 0 0 0 0 0 0 1
1 1 1 1 0 0 0 0 1
1 0 0 1 0 1 1 1 1
1 1 1 1 1 1 0 0 1
1 0 0 0 2 0 0 0 1
1 1 1 0 1 1 0 1 1
1 0 0 0 0 1 0 0 1
1 1 1 1 1 1 0 0 3
1 0 0 0 0 1 1 1 1

Estado: 23
1 0 0 0 0 0 0 0 1
1 1 1 1 0 0 0 0 1
1 0 0 1 0 1 1 1 1
1 1 1 1 1 1 0 0 1
1 0 0 0 1 0 0 0 1
1 1 1 0 2 1 0 1 1
1 0 0 0 0 1 0 0 1
1 1 1 1 1 1 0 0 3
1 0 0 0 0 1 1 1 1

Estado: 25
1 0 0 0 0 0 0 0 1
1 1 1 1 0 0 0 0 1
1 0 0 1 0 1 1 1 1
1 1 1 1 1 1 0 0 1
1 0 0 0 1 0 0 0 1
1 1 1 0 1 2 0 1 1
1 0 0 0 0 1 0 0 1
1 1 1 1 1 1 0 0 3
1 0 0 0 0 1 1 1 1

Estado: 28
1 0 0 0 0 0 0 0 1
1 1 1 1 0 0 0 0 1
1 0 0 1 0 1 1 1 1
1 1 1 1 1 1 0 0 1
1 0 0 0 1 0 0 0 1
1 1 1 0 1 1 0 1 1
1 0 0 0 0 2 0 0 1
1 1 1 1 1 1 0 0 3
1 0 0 0 0 1 1 1 1

Estado: 31
1 0 0 0 0 0 0 0 1
1 1 1 1 0 0 0 0 1
1 0 0 1 0 1 1 1 1
1 1 1 1 1 1 0 0 1
1 0 0 0 1 0 0 0 1
1 1 1 0 1 1 0 1 1
1 0 0 0 0 1 0 0 1
1 1 1 1 1 2 0 0 3
1 0 0 0 0 1 1 1 1

Estado: 32
1 0 0 0 0 0 0 0 1
1 1 1 1 0 0 0 0 1
1 0 0 1 0 1 1 1 1
1 1 1 1 1 1 0 0 1
1 0 0 0 1 0 0 0 1
1 1 1 0 1 1 0 1 1
1 0 0 0 0 1 0 0 1
1 1 1 1 1 1 0 0 3
1 0 0 0 0 2 1 1 1

Estado: 34
1 0 0 0 0 0 0 0 1
1 1 1 1 0 0 0 0 1
1 0 0 1 0 1 1 1 1
1 1 1 1 1 1 0 0 1
1 0 0 0 1 0 0 0 1
1 1 1 0 1 1 0 1 1
1 0 0 0 0 1 0 0 1
1 1 1 1 1 1 0 0 3
1 0 0 0 0 1 2 1 1

Estado: 37
1 0 0 0 0 0 0 0 1
1 1 1 1 0 0 0 0 1
1 0 0 1 0 1 1 1 1
1 1 1 1 1 1 0 0 1
1 0 0 0 1 0 0 0 1
1 1 1 0 1 1 0 1 1
1 0 0 0 0 1 0 0 1
1 1 1 1 1 1 0 0 3
1 0 0 0 0 1 1 2 1

Estado: 38
1 0 0 0 0 0 0 0 1
1 1 1 1 0 0 0 0 1
1 0 0 1 0 1 1 1 1
1 1 1 1 1 1 0 0 1
1 0 0 0 1 0 0 0 1
1 1 1 0 1 1 0 1 1
1 0 0 0 0 1 0 0 1
1 1 1 1 1 1 0 0 3
1 0 0 0 0 1 1 1 2

Estado: 40
1 0 0 0 0 0 0 0 1
1 1 1 1 0 0 0 0 1
1 0 0 1 0 1 1 1 1
1 1 1 1 1 1 0 0 1
1 0 0 0 1 0 0 0 1
1 1 1 0 1 1 0 1 1
1 0 0 0 0 1 0 0 1
1 1 1 1 1 1 0 0 2
1 0 0 0 0 1 1 1 3

>> Numero de nos visitados: 46
>> Profundidade: 17
>> Custo da solucao: 18
